0.008668
0.020591
0.0015339
0.023771
0.51066
0.078499
0.035008
0.00038767
0
0.0034308
0.00086743
0.020595
0.077883
0.3556
0.20341
0.068808
0.003113
0.0034308
0.012505
0.022736
0.03256
0.13151
0.56752
0.0068446
0
0.012628
0.0088635
0.021954
0.013028
0.025207
0.12715
0.25772
0.32479
0.1271
0.038665
0.05727
0.0034161
0.00086373
0.020507
0.077551
0.35408
0.20254
0.068514
0.0030997
0.0034161
0
0.0040252
0.010619
0.21166
0.38135
0.18162
0.019086
0.0044473
0.00036753
0.02186
0.012973
0.0251
0.12661
0.25662
0.32341
0.12655
0.0385
0.057026
0.00036753
0.0036037
0.037016
0.055733
0.62018
0.03264
0.0058592
0
0
0
0.0039698
0.010473
0.20874
0.3761
0.17912
0.018823
0.0043861
0.00036247
0.010959
0.012518
0.02579
0.14412
0.42981
0.043252
0.021828
0.019056
0.025002
0.00036247
0.0035541
0.036506
0.054965
0.61164
0.03219
0.0057785
0
0
0
0.0021105
0.026101
0.33789
0.25121
0.1226
0.0092993
0
0
0.013366
0.015267
0.031455
0.17577
0.52421
0.052751
0.026622
0.023241
0.030494
0.033224
0.054964
0.10368
0.080641
0.093133
0.12853
0.12082
0.054167
0.020669
0
0.002574
0.031834
0.4121
0.30639
0.14953
0.011342
0
0
0
0.0006435
0.016515
0.51776
0.24704
0.051919
0.064168
0.0028463
0
0.036199
0.059885
0.11296
0.08786
0.10147
0.14004
0.13164
0.059017
0.02252
0.0056089
0.0073785
0.030507
0.064359
0.45713
0.036014
0.0089329
0.014495
0.0065722
0
0.00070111
0.017994
0.56412
0.26916
0.056567
0.069913
0.0031011
0
0.056089
0.0056089
0.096838
0.36029
0.30652
0.26176
0.023453
0
0.056089
0.0051042
0.0067146
0.027762
0.058568
0.416
0.032773
0.0081291
0.013191
0.0059808
0.01276
0.025886
0.044469
0.19865
0.27951
0.094641
0.038256
0.0076563
0.0051042
0.051042
0.0051042
0.088124
0.32787
0.27894
0.2382
0.021343
0
0.051042
0.001276
0.0019141
0.0091063
0.029349
0.65557
0.049543
0.041199
0.0040668
0.0042276
0.013442
0.027269
0.046845
0.20926
0.29444
0.099697
0.0403
0.0080653
0.0053769
0.018314
0.036964
0.13339
0.23064
0.12343
0.040982
0.040673
0.010082
0
0.0013442
0.0020163
0.0095927
0.030917
0.69059
0.052189
0.0434
0.004284
0.0044534
0.069506
0.09454
0.2262
0.30255
0.32054
0.13479
0.025556
0.025577
0.045488
0.021763
0.043926
0.15851
0.27408
0.14667
0.048701
0.048334
0.01198
0
0.0063896
0.015175
0.059631
0.2245
0.34789
0.1304
0.029889
0.0023961
0.0015974
0.082598
0.11235
0.2688
0.35953
0.38092
0.16018
0.030369
0.030394
0.054056
0.0036496
0.11769
0.29954
0.14874
0.30616
0.24291
0.053808
0
0
0.0073536
0.017465
0.068627
0.25837
0.40038
0.15007
0.034398
0.0027576
0.0018384
0.099469
0.045642
0.061299
0.069458
0.048893
0.066662
0.054704
0.040744
0.07568
0.0042002
0.13544
0.34473
0.17118
0.35235
0.27956
0.061926
0
0
0.0063601
0.0074279
0.14823
0.47989
0.24155
0.10463
0.10295
0.036545
0.01223
0.11782
0.054062
0.072606
0.082271
0.057912
0.078959
0.064795
0.04826
0.08964
0.22818
0.12885
0.090405
0.075711
0.083449
0.085404
0.084011
0.12554
0.23076
0.0075333
0.0087981
0.17557
0.56842
0.28611
0.12393
0.12194
0.043286
0.014486
0.014495
0.020916
0.041031
0.21297
0.41052
0.28013
0.08911
0.042196
0.038372
0.2317
0.13084
0.0918
0.076879
0.084737
0.086722
0.085308
0.12748
0.23432
0.019625
0.13866
0.16615
0.15652
0.011301
0.016305
0.04975
0.016583
0
0.014718
0.021239
0.041664
0.21625
0.41685
0.28445
0.090485
0.042848
0.038964
0.077109
0.052149
0.11932
0.40886
0.47241
0.11231
0.036249
0.042387
0.0501
0.014569
0.026489
0.037934
0.15322
0.66118
0.0079742
0
0.014712
0.010326
0.025577
0.015179
0.029367
0.14814
0.30025
0.37839
0.14807
0.045046
0.066722
0
0
0.0054902
0.016739
0.39052
0.035649
0.0057098
0.0040836
0
0.039286
0.087593
0.16574
0.19985
0.1325
0.026549
0.017758
0.013317
0.040998
0.025784
0.015302
0.029606
0.14934
0.30269
0.38147
0.14927
0.045412
0.067264
0.00043351
0.0042507
0.043661
0.065739
0.73152
0.038499
0.0069111
0
0
0.039605
0.088305
0.16708
0.20147
0.13358
0.026765
0.017903
0.013425
0.041331
0.015944
0.016869
0.0084009
0.0016956
0.25896
0.019696
0.017292
0.0039837
0.00043351
0.00045724
0.0044834
0.046052
0.069338
0.77157
0.040607
0.0072894
0
0
0
0.0026623
0.032926
0.42624
0.3169
0.15466
0.011731
0
0
0.016817
0.017793
0.0088608
0.0017884
0.27314
0.020774
0.018239
0.0042018
0.00045724
0.001829
0.012814
0.016195
0.086186
0.066676
0.0071536
0.015476
0.010609
0.0013717
0
0.0028784
0.035599
0.46084
0.34262
0.16722
0.012683
0
0
0
0.00071961
0.018468
0.579
0.27626
0.058059
0.071757
0.0031829
0
0.0019774
0.013854
0.01751
0.093182
0.072088
0.0077343
0.016732
0.01147
0.0014831
0.0094948
0.022887
0.031542
0.017661
0.44948
0.034234
0.020457
0
0.0014392
0
0.00071178
0.018268
0.57271
0.27326
0.057428
0.070977
0.0031483
0
0.056943
0.0056943
0.098312
0.36578
0.31119
0.26574
0.02381
0
0.056943
0.0093916
0.022639
0.031199
0.017469
0.4446
0.033861
0.020234
0
0.0014236
0.021997
0.0078978
0.0037383
0.034033
0.25783
0.029525
0.010834
0.014198
0.01285
0.049007
0.0049007
0.084611
0.3148
0.26782
0.22871
0.020492
0
0.049007
0.0012252
0.0018378
0.0087432
0.028179
0.62943
0.047567
0.039557
0.0039046
0.004059
0.018931
0.0067971
0.0032173
0.02929
0.2219
0.025411
0.0093241
0.012219
0.011059
0.033007
0.017051
0.052892
0.081698
0.54533
0.028176
0.039228
0.015786
0.034649
0.0010042
0.0015062
0.007166
0.023095
0.51589
0.038987
0.032421
0.0032003
0.0033268
0.051923
0.070623
0.16897
0.22601
0.23945
0.10069
0.019091
0.019107
0.033981
0.027053
0.013975
0.043351
0.06696
0.44696
0.023093
0.032152
0.012938
0.028399
0.015687
0.0023881
0.0085803
0.011503
0.60253
0.025417
0.00065924
0.0023881
0.015687
0.06084
0.082752
0.19799
0.26482
0.28058
0.11798
0.022369
0.022388
0.039817
0.0026882
0.086687
0.22063
0.10956
0.22551
0.17892
0.039634
0
0
0.018381
0.0027982
0.010054
0.013478
0.706
0.029782
0.00077245
0.0027982
0.018381
0.017979
0.040306
0.043215
0.14835
0.30628
0.099279
0.044678
0.020476
0.0065857
0.003414
0.11009
0.2802
0.13914
0.28639
0.22722
0.050334
0
0
0.0051695
0.0060374
0.12048
0.39006
0.19633
0.085045
0.083674
0.029704
0.0099403
0.022832
0.051187
0.054881
0.1884
0.38896
0.12608
0.05674
0.026004
0.0083637
0.058413
0.047515
0.28693
0.39582
0.21764
0.13019
0.0032301
0.015115
0.1063
0.0046888
0.005476
0.10928
0.35379
0.17808
0.077136
0.075893
0.026942
0.009016
0.0090216
0.013018
0.025538
0.13255
0.25551
0.17435
0.055463
0.026263
0.023883
0.052981
0.043096
0.26025
0.35901
0.19741
0.11809
0.0029298
0.01371
0.096412
0.044292
0.094982
0.087991
0.068482
0.64026
0.010493
0.030655
0.031668
0.032053
0.010281
0.014836
0.029103
0.15106
0.29118
0.1987
0.063206
0.02993
0.027218
0.053863
0.036428
0.083351
0.2856
0.32999
0.078452
0.025321
0.029609
0.034996
0.050476
0.10824
0.10028
0.078043
0.72965
0.011958
0.034935
0.036089
0.036528
0.08161
0.09966
0.056907
0.077641
0.089045
0.08312
0.047988
0.11444
0.11259
0
0
0.0053591
0.016339
0.3812
0.034798
0.0055735
0.0039862
0
0.038349
0.085502
0.16178
0.19508
0.12934
0.025916
0.017334
0.012999
0.040019
0.018509
0
0
0.042711
0.69488
0.090632
0.020855
0.026756
0.073487
0.032142
0.060324
0.12129
0.20363
0.32841
0.27864
0.10833
0.039053
0.035504
0.038943
0.086828
0.16429
0.1981
0.13135
0.026318
0.017603
0.013201
0.040639
0.015677
0.016587
0.0082604
0.0016672
0.25463
0.019366
0.017003
0.0039171
0.00042626
0.032641
0.06126
0.12318
0.20679
0.33351
0.28297
0.11001
0.039658
0.036054
0.0029082
0.0069438
0.01561
0.0172
0.7471
0.089156
0.047823
0.018236
0.013037
0.016893
0.017874
0.008901
0.0017965
0.27438
0.020868
0.018321
0.0042208
0.00045932
0.0018373
0.012872
0.016269
0.086576
0.066978
0.007186
0.015546
0.010657
0.0013779
0.0031337
0.0074823
0.01682
0.018534
0.80504
0.09607
0.051532
0.01965
0.014048
0.038278
0.0069998
0.037596
0.37918
0.31102
0.050323
0.027359
0.029438
0.039785
0.0022192
0.015548
0.019651
0.10458
0.080902
0.00868
0.018778
0.012872
0.0016644
0.010656
0.025686
0.035398
0.01982
0.50444
0.038419
0.022958
0
0.0016152
0.046236
0.0084551
0.045412
0.45801
0.37568
0.060786
0.033047
0.035558
0.048056
0.020436
0.034281
0.047362
0.05384
0.5816
0.1144
0.023515
0.0013039
0.014848
0.010612
0.025581
0.035253
0.019739
0.50238
0.038262
0.022864
0
0.0016086
0.024856
0.0089242
0.0042241
0.038456
0.29134
0.033362
0.012242
0.016043
0.01452
0.020352
0.034141
0.047168
0.05362
0.57922
0.11393
0.023419
0.0012985
0.014787
0.022707
0.024347
0.015622
0.08845
0.53315
0.06786
0.019584
0.0051265
0.0081409
0.023348
0.0083828
0.0039679
0.036123
0.27366
0.031338
0.011499
0.015069
0.013639
0.040708
0.021029
0.065231
0.10076
0.67255
0.034749
0.04838
0.019468
0.042732
0.021329
0.02287
0.014674
0.083084
0.5008
0.063743
0.018396
0.0048155
0.0076471
0.080088
0.12028
0.18109
0.19077
0.21955
0.13902
0.078237
0.1305
0.054159
0.031062
0.016046
0.049774
0.076882
0.51319
0.026515
0.036916
0.014855
0.032607
0.018011
0.0027419
0.0098518
0.013207
0.69181
0.029183
0.00075692
0.0027419
0.018011
0.061111
0.091778
0.13818
0.14557
0.16753
0.10608
0.059699
0.099574
0.041326
0.001153
0.0037609
0.012114
0.011549
0.34
0.12126
0.075111
0.0062179
0.0076176
0.018635
0.0028368
0.010193
0.013664
0.71575
0.030193
0.00078311
0.0028368
0.018635
0.018227
0.040862
0.043811
0.1504
0.3105
0.10065
0.045295
0.020759
0.0066766
0.0011929
0.0038911
0.012533
0.011948
0.35177
0.12545
0.07771
0.006433
0.0078812
0.011482
0.015698
0.0095506
0.17119
0.30538
0.27772
0.060151
0.02065
0.0061164
0.021234
0.047605
0.05104
0.17521
0.36174
0.11726
0.052769
0.024184
0.0077783
0.054324
0.044189
0.26684
0.36811
0.20241
0.12108
0.003004
0.014057
0.098856
0.013377
0.018288
0.011126
0.19944
0.35577
0.32354
0.070076
0.024057
0.0071256
0.018637
0.017196
0.080494
0.052644
0.31825
0.38317
0.055855
0.017517
0.0095492
0.05052
0.041095
0.24816
0.34234
0.18824
0.1126
0.0027937
0.013073
0.091934
0.042235
0.090571
0.083904
0.065301
0.61052
0.010006
0.029231
0.030197
0.030564
0.017332
0.015992
0.074857
0.048958
0.29596
0.35634
0.051943
0.016291
0.0088805
0.057874
0.045351
0.098217
0.080903
0.22656
0.15572
0.16777
0.10685
0.022271
0.043923
0.09419
0.087257
0.067911
0.63492
0.010406
0.030399
0.031404
0.031786
0.071015
0.086721
0.049519
0.067561
0.077484
0.072328
0.041757
0.09958
0.097972
0.060187
0.047163
0.10214
0.084136
0.23562
0.16194
0.17447
0.11112
0.023161
0
0
0
0
0.57396
0.19512
0.043298
0.028823
0.010897
0.019228
0
0
0.04437
0.72186
0.094153
0.021665
0.027795
0.076341
0.033391
0.062667
0.12601
0.21154
0.34117
0.28947
0.11254
0.04057
0.036883
0.0055526
0.030069
0.035546
0.01018
0.022647
0.01018
0.013044
0.022104
0.0055526
0.0067447
0.013613
0.044058
0.03869
0.41436
0.009361
0
0.0021416
0.0067447
0.03102
0.058218
0.11706
0.19652
0.31695
0.26891
0.10455
0.037689
0.034264
0.0027638
0.006599
0.014835
0.016346
0.71
0.084729
0.045448
0.017331
0.01239
0.0062658
0.012646
0.04093
0.035943
0.38494
0.0086964
0
0.0019895
0.0062658
0.035698
0.075972
0.084364
0.14535
0.083434
0.20104
0.086457
0.03065
0.011806
0.0030218
0.0072152
0.01622
0.017872
0.7763
0.092641
0.049692
0.018949
0.013547
0.036912
0.00675
0.036254
0.36565
0.29992
0.048527
0.026383
0.028387
0.038365
0.039032
0.083066
0.092242
0.15892
0.091225
0.21982
0.094531
0.033512
0.012908
0.06886
0.053731
0.069749
0.084791
0.097631
0.057625
0.033658
0.063768
0.081389
0.050077
0.0091575
0.049185
0.49606
0.40689
0.065835
0.035792
0.038512
0.052048
0.022134
0.037129
0.051296
0.058313
0.62992
0.1239
0.025468
0.0014122
0.016081
0.09342
0.072896
0.094626
0.11503
0.13245
0.078178
0.045663
0.086512
0.11042
0.13472
0.066964
0.11761
0.12541
0.078212
0.045517
0.051103
0.057951
0.06774
0.022382
0.037546
0.051873
0.058968
0.637
0.12529
0.025755
0.001428
0.016262
0.024972
0.026776
0.01718
0.097273
0.58633
0.074629
0.021537
0.0056379
0.008953
0.13623
0.067716
0.11893
0.12682
0.079091
0.046029
0.051678
0.058603
0.068501
0.0040918
0.015121
0.096059
0.1197
0.21255
0.2175
0.13901
0.017626
0.0062557
0.025893
0.027763
0.017813
0.10086
0.60795
0.077381
0.022332
0.0058458
0.0092832
0.097223
0.14601
0.21983
0.23158
0.26652
0.16876
0.094976
0.15842
0.065747
0.0042427
0.015679
0.099602
0.12411
0.22039
0.22552
0.14413
0.018276
0.0064864
0.038465
0.021377
0.04684
0.14655
0.22957
0.21404
0.12009
0.13761
0.19371
0.098515
0.14795
0.22275
0.23466
0.27007
0.171
0.096238
0.16052
0.06662
0.0018586
0.0060629
0.019528
0.018617
0.54811
0.19548
0.12108
0.010024
0.01228
0.038977
0.021661
0.047463
0.14849
0.23262
0.21689
0.12168
0.13944
0.19628
0.12382
0.12133
0.094366
0.024274
0.037107
0.1799
0.21503
0.17018
0.13802
0.001675
0.0054638
0.017598
0.016777
0.49395
0.17616
0.10912
0.0090332
0.011067
0.016123
0.022043
0.013411
0.24039
0.42882
0.38997
0.084464
0.028997
0.0085886
0.11159
0.10934
0.085041
0.021876
0.033441
0.16213
0.19379
0.15337
0.12438
0.0091447
0.012147
0.048114
0.1132
0.22622
0.0553
0.042865
0.17169
0.26936
0.013138
0.017962
0.010928
0.19588
0.34942
0.31776
0.068825
0.023628
0.0069984
0.018304
0.016889
0.079057
0.051705
0.31257
0.37633
0.054858
0.017205
0.0093788
0.0074516
0.009898
0.039206
0.092242
0.18433
0.045061
0.034929
0.1399
0.21949
0.1066
0.10185
0.073423
0.16886
0.3251
0.40242
0.19256
0.052481
0.045307
0.013952
0.012873
0.06026
0.039412
0.23825
0.28686
0.041815
0.013114
0.0071489
0.046589
0.036508
0.079065
0.065128
0.18238
0.12535
0.13505
0.086017
0.017928
0.081252
0.077635
0.055966
0.12871
0.2478
0.30674
0.14678
0.040003
0.034534
0.0059443
0.072827
0.16739
0.1581
0.52035
0.47236
0.0069658
0.0067873
0
0.044175
0.034616
0.074969
0.061753
0.17293
0.11886
0.12806
0.08156
0.016999
0
0
0
0
0.42127
0.14322
0.031779
0.021155
0.0079982
0.0056363
0.069054
0.15872
0.14991
0.49339
0.44789
0.0066049
0.0064356
0
0.030254
0.021908
0.048223
0.068115
0.19993
0.41627
0.02481
0.031776
0.026796
0.00864
0.046787
0.055311
0.01584
0.03524
0.01584
0.020296
0.034394
0.00864
0.010495
0.021182
0.068555
0.060203
0.64476
0.014566
0
0.0033323
0.010495
0.08047
0.045623
0.025486
0.089399
0.26694
0.10132
0.1323
0.15916
0.086965
0.0039506
0
0.015513
0.049701
0.63401
0.058923
0.092156
0.022169
0.0085196
0.0084212
0.016996
0.05501
0.048307
0.51736
0.011688
0
0.0026739
0.0084212
0.047978
0.10211
0.11338
0.19535
0.11213
0.2702
0.1162
0.041193
0.015867
0.00317
0
0.012448
0.039881
0.50873
0.04728
0.073947
0.017789
0.0068362
0.030713
0.014008
0.014265
0.02672
0.25809
0.45815
0.1088
0.034852
0.037107
0.049919
0.10624
0.11797
0.20325
0.11667
0.28113
0.1209
0.04286
0.016509
0.088068
0.068719
0.089205
0.10844
0.12486
0.073699
0.043047
0.081555
0.10409
0.031956
0.014575
0.014842
0.027801
0.26853
0.47668
0.1132
0.036262
0.038608
0.024438
0.031008
0.04952
0.24351
0.43059
0.38606
0.12242
0.13329
0.037002
0.077412
0.060405
0.078412
0.095322
0.10976
0.064782
0.037838
0.071688
0.091498
0.11163
0.055489
0.097458
0.10392
0.06481
0.037718
0.042347
0.048021
0.056132
0.021481
0.027256
0.043529
0.21405
0.37849
0.33935
0.10761
0.11717
0.032525
0.027758
0.043652
0.0010698
0.044624
0.44372
0.55571
0.21801
0.050758
0.032402
0.085957
0.042726
0.075042
0.080018
0.049903
0.029042
0.032606
0.036976
0.043221
0.0025817
0.0095408
0.060609
0.075523
0.13411
0.13723
0.087706
0.011121
0.0039471
0.021373
0.033612
0.00082375
0.03436
0.34166
0.42789
0.16787
0.039083
0.024949
0.012769
0.02452
0.096453
0.11437
0.46841
0.56748
0.11767
0.045353
0.059811
0.0016773
0.0061984
0.039376
0.049065
0.087129
0.089155
0.05698
0.0072252
0.0025643
0.015207
0.008451
0.018518
0.057935
0.090758
0.084618
0.047475
0.054404
0.076579
0.0082957
0.01593
0.062663
0.074301
0.30431
0.36868
0.076447
0.029464
0.038858
0.0019927
0.0028564
0.0046747
0.055785
0.54924
0.6279
0.026518
0.015871
0.011741
0.012108
0.0067289
0.014744
0.046129
0.072264
0.067375
0.037801
0.043318
0.060974
0.038465
0.037691
0.029314
0.0075408
0.011527
0.055886
0.0668
0.052867
0.042875
0.0015866
0.0022743
0.0037221
0.044417
0.43732
0.49995
0.021114
0.012637
0.0093485
0.0011548
0.00086608
0.0061391
0.14898
0.70157
0.076503
0.012372
0.013117
0.0046891
0.035179
0.034471
0.02681
0.0068966
0.010543
0.051112
0.061093
0.048351
0.039212
0.002883
0.0038295
0.015168
0.035688
0.071318
0.017434
0.013514
0.054127
0.08492
0.0010561
0.00079209
0.0056146
0.13625
0.64163
0.069967
0.011315
0.011996
0.0042885
0.0049339
0.00087473
0.0059504
0.13429
0.71264
0.087968
0.007545
0
0.0047525
0.0029916
0.0039738
0.01574
0.037033
0.074006
0.018091
0.014023
0.056167
0.08812
0.042795
0.040891
0.029477
0.067793
0.13052
0.16156
0.077308
0.02107
0.018189
0.0051199
0.0009077
0.0061747
0.13935
0.7395
0.091283
0.0078294
0
0.0049316
0.022651
0.048734
0.087719
0.092144
0.56167
0.11179
0.021943
0.015027
0.0082027
0.05122
0.04894
0.03528
0.081138
0.15621
0.19337
0.092526
0.025217
0.02177
0.0037472
0.045909
0.10552
0.099663
0.32802
0.29777
0.0043911
0.0042786
0
0.027109
0.058327
0.10499
0.11028
0.67224
0.1338
0.026263
0.017986
0.0098174
0.020487
0.029282
0.075834
0.2118
0.32463
0.20076
0.019456
0.0026233
0.0018022
0.0045558
0.055815
0.12829
0.12117
0.3988
0.36202
0.0053387
0.0052018
0
0.024454
0.017708
0.038978
0.055056
0.1616
0.33647
0.020053
0.025684
0.021659
0.024908
0.0356
0.092198
0.2575
0.39468
0.24408
0.023654
0.0031894
0.0021911
0.0081592
0.0030035
0.030214
0.20408
0.35235
0.25242
0.0721
0.025094
0.017359
0.058611
0.03323
0.018563
0.065115
0.19442
0.073796
0.096365
0.11592
0.063342
0.0028775
0
0.011299
0.0362
0.46179
0.042917
0.067123
0.016147
0.0062053
0.05526
0.0301
0.042253
0.27883
0.55799
0.35242
0.10979
0.017593
0.052052
0.010386
0.097219
0.14167
0.28325
0.18289
0.12766
0.074846
0.0063203
0.013822
0.0028477
0
0.011182
0.035826
0.457
0.042472
0.066428
0.01598
0.006141
0.02759
0.012583
0.012815
0.024003
0.23185
0.41156
0.097738
0.031308
0.033333
0.010279
0.096212
0.1402
0.28031
0.181
0.12633
0.074071
0.0062549
0.013679
0.00018162
0.074781
0.075244
0.23961
0.46451
0.30007
0.082792
0.058505
0
0.018868
0.0086055
0.0087635
0.016415
0.15855
0.28146
0.06684
0.021411
0.022796
0.014429
0.018308
0.029239
0.14378
0.25424
0.22795
0.072282
0.078703
0.021848
0.00012421
0.051141
0.051458
0.16386
0.31767
0.20521
0.056619
0.04001
0
0.0058423
0.00097372
0.011179
0.11228
0.5792
0.45487
0.056317
0.023753
0.0058423
0.0099192
0.012586
0.0201
0.098838
0.17477
0.1567
0.049689
0.054103
0.015019
0.012818
0.020157
0.000494
0.020605
0.20489
0.25661
0.10067
0.023438
0.014962
0.0040162
0.00066937
0.0076845
0.077188
0.39816
0.31269
0.038714
0.016329
0.0040162
0.0013795
0.032614
0.05847
0.1934
0.61296
0.35665
0.013652
0
0
0.010033
0.015779
0.0003867
0.01613
0.16039
0.20087
0.078803
0.018347
0.011712
0.0059942
0.011511
0.045279
0.053688
0.21989
0.2664
0.055239
0.02129
0.028077
0.0010799
0.02553
0.045769
0.15139
0.47982
0.27918
0.010687
0
0
0
0
0.0053345
0.13584
0.62499
0.22942
0.047039
0.00049113
0.0058758
0.0052173
0.010019
0.03941
0.046729
0.19139
0.23187
0.048079
0.018531
0.024438
0.0012532
0.0017964
0.00294
0.035084
0.34542
0.39489
0.016678
0.0099814
0.0073841
0
0
0.004643
0.11823
0.54398
0.19968
0.040942
0.00042747
0.0051142
0.0022393
0.0048295
0.0062356
0.037223
0.50298
0.14007
0.00054587
0.0023701
0.0012784
0.0010919
0.0015651
0.0025615
0.030567
0.30095
0.34405
0.01453
0.0086964
0.0064334
0.00079468
0.00059601
0.0042248
0.10252
0.4828
0.052648
0.0085144
0.0090265
0.0032269
0.001951
0.0042078
0.0054328
0.032431
0.43822
0.12204
0.00047559
0.002065
0.0011138
0.010948
0.0071855
0.003263
0.017171
0.57587
0.038256
0.017147
0.019537
0.030601
0.00079006
0.00059254
0.0042002
0.10193
0.47999
0.052341
0.0084648
0.008974
0.0032081
0.003691
0.00065437
0.0044514
0.10046
0.53311
0.065807
0.0056443
0
0.0035553
0.010884
0.0071437
0.003244
0.017071
0.57252
0.038033
0.017048
0.019423
0.030423
0.0083771
0.028328
0.03848
0.15448
0.25951
0.17978
0.010295
0.0017938
0.017365
0.0044648
0.00079156
0.0053846
0.12152
0.64488
0.079604
0.0068277
0
0.0043006
0.019752
0.042499
0.076496
0.080355
0.48981
0.097491
0.019136
0.013105
0.0071532
0.010133
0.034267
0.046547
0.18686
0.31392
0.21748
0.012453
0.0021699
0.021006
0.0022105
0.002568
0.017336
0.10621
0.30786
0.083471
0.0061063
0.011057
0.0098397
0.025431
0.054716
0.098487
0.10346
0.63062
0.12552
0.024637
0.016872
0.0092096
0.019219
0.027469
0.071139
0.19868
0.30454
0.18833
0.018251
0.0024609
0.0016906
0.002846
0.0033062
0.02232
0.13674
0.39637
0.10747
0.0078618
0.014236
0.012668
0.0018457
0
0
0.019139
0.44375
0.038315
0.011971
0.01188
0.0021946
0.024452
0.034948
0.09051
0.25278
0.38746
0.23961
0.023221
0.0031309
0.0021509
0.0080098
0.0029485
0.029661
0.20035
0.34589
0.2478
0.07078
0.024634
0.017041
0.0023482
0
0
0.02435
0.56457
0.048747
0.01523
0.015115
0.0027922
0.0094828
0.020889
0.013933
0.044894
0.3584
0.18204
0.054695
0.011631
0.01789
0.050464
0.027488
0.038586
0.25463
0.50956
0.32183
0.10026
0.016066
0.047534
0.0094848
0.088781
0.12937
0.25866
0.16702
0.11658
0.06835
0.0057718
0.012622
0.0064058
0.051126
0.084872
0.14808
0.4715
0.033228
0.018995
0.02922
0.010586
0.01575
0.072317
0.10843
0.2178
0.25633
0.17126
0.019348
0.00065693
0
0.011298
0.10575
0.1541
0.3081
0.19894
0.13886
0.081413
0.0068749
0.015035
0.00019963
0.082193
0.082703
0.26336
0.51055
0.32981
0.090998
0.064304
0
0.01876
0.086139
0.12916
0.25943
0.30532
0.20399
0.023045
0.00078249
0
0.02919
0.029305
0.05584
0.058583
0.18518
0.13122
0.19303
0.11733
0.039152
0.0001286
0.052949
0.053277
0.16965
0.3289
0.21247
0.058621
0.041424
0
0.0060489
0.0010082
0.011574
0.11625
0.59968
0.47096
0.058309
0.024593
0.0060489
0.018804
0.018878
0.035972
0.037739
0.11929
0.084532
0.12435
0.075583
0.025222
0.030119
0.0088023
0.032766
0.092788
0.38528
0.046285
0.00066186
0
0.010207
0.0041218
0.00068697
0.0078866
0.079218
0.40863
0.32092
0.039732
0.016758
0.0041218
0.0014158
0.033472
0.060007
0.19848
0.62908
0.36603
0.014011
0
0
0.020524
0.0059981
0.022327
0.063227
0.26253
0.03154
0.000451
0
0.0069551
0.0034349
0
0
0.0096015
0.092472
0.23609
0.090272
0.01692
0.0046147
0.0011552
0.027311
0.048962
0.16195
0.51329
0.29866
0.011432
0
0
0
0
0.0057066
0.14532
0.66859
0.24543
0.050321
0.00052539
0.0062858
0.0028026
0
0
0.0078343
0.075452
0.19263
0.073657
0.013806
0.0037653
0.0018021
0
0.0041837
0.018451
0.11659
0.15405
0.020906
0.009083
0.012377
0
0
0.0057066
0.14532
0.6686
0.24543
0.050321
0.0005254
0.0062858
0.0027523
0.0059359
0.007664
0.04575
0.6182
0.17216
0.00067091
0.002913
0.0015712
0.0018021
0
0.0041838
0.018451
0.11659
0.15405
0.020906
0.009083
0.012377
0.0021008
0.004204
0.02559
0.014209
0.075014
0.081194
0.04756
0.033834
0.012253
0.0023959
0.0051671
0.0066714
0.039825
0.53813
0.14986
0.00058402
0.0025358
0.0013677
0.013444
0.0088237
0.0040069
0.021086
0.70717
0.046978
0.021057
0.023991
0.037578
0.0018288
0.0036595
0.022276
0.012369
0.065299
0.070678
0.0414
0.029452
0.010666
0.10726
0.046605
0.047288
0.051902
0.061374
0.035714
0.1689
0.30184
0.15791
0.01253
0.0082242
0.0037347
0.019653
0.65912
0.043786
0.019626
0.022362
0.035025
0.0096443
0.032613
0.044301
0.17784
0.29877
0.20698
0.011852
0.0020651
0.019992
0.099976
0.043439
0.044075
0.048376
0.057205
0.033287
0.15742
0.28133
0.14718
0.27403
0.19347
0.091565
0.071353
0.1202
0.086526
0.053116
0.066847
0.30356
0.012791
0.043253
0.058754
0.23587
0.39625
0.27451
0.015719
0.0027389
0.026515
0.0027903
0.0032414
0.021883
0.13406
0.3886
0.10536
0.0077077
0.013957
0.01242
0.36343
0.25659
0.12144
0.094633
0.15941
0.11476
0.070446
0.088657
0.4026
0.014503
0.017449
0.022666
0.1026
0.2582
0.084194
0.052939
0.032199
0.01721
0.0036279
0.0042145
0.028452
0.17431
0.50526
0.13699
0.010022
0.018147
0.016149
0.0023527
0
0
0.024397
0.56565
0.048841
0.015259
0.015144
0.0027976
0.018857
0.022688
0.02947
0.1334
0.33571
0.10947
0.068832
0.041865
0.022376
0.00026938
0.0024755
0.0050736
0.019344
0.46367
0.061669
0.013378
0.0047804
0.00026938
0.0027072
0
0
0.028073
0.65088
0.056199
0.017558
0.017426
0.0032191
0.010933
0.024082
0.016063
0.051757
0.41319
0.20987
0.063057
0.013409
0.020625
0.00030997
0.0028484
0.0058381
0.022259
0.53353
0.070961
0.015394
0.0055006
0.00030997
0.022747
0.032447
0.10089
0.16486
0.077539
0.096174
0.058402
0.016581
0.020528
0.002171
0.017327
0.028764
0.050186
0.1598
0.011261
0.0064377
0.0099029
0.0035877
0.0053378
0.024509
0.036749
0.073815
0.086874
0.05804
0.0065571
0.00022264
0
0.0097532
0.016697
0.021936
0.049287
0.26609
0.32698
0.058938
0.0060696
0.011018
0
0.00066792
0.0044421
0.12081
0.79839
0.33728
0.041221
0.0027524
0
0.0052179
0.023959
0.035923
0.072157
0.084923
0.056737
0.0064099
0.00021764
0
0.008119
0.0081509
0.015531
0.016294
0.051505
0.036498
0.053688
0.032634
0.01089
0
0.00065292
0.0043424
0.1181
0.78046
0.3297
0.040295
0.0026906
0
0.00079652
0
0.018617
0.087735
0.43775
0.18958
0.066191
0.015521
0.0090937
0.011961
0.012008
0.022881
0.024005
0.075878
0.053769
0.079094
0.048077
0.016043
0.019158
0.005599
0.020841
0.05902
0.24507
0.029441
0.00042099
0
0.0064923
0.0011734
0
0.027427
0.12925
0.64491
0.2793
0.097514
0.022866
0.013397
0.010173
0.00032063
0.018477
0.1416
0.56218
0.23747
0.019932
0.021607
0.021955
0.024206
0.0070741
0.026332
0.07457
0.30963
0.037198
0.00053191
0
0.0082028
0.004051
0
0
0.011324
0.10906
0.27844
0.10647
0.019956
0.0054426
0.012853
0.0004051
0.023345
0.17891
0.71029
0.30003
0.025183
0.027299
0.027739
0.015682
0.031209
0.05232
0.078363
0.32731
0.21236
0.049407
0.012782
0.011336
0.0059472
0
0
0.016624
0.16011
0.40877
0.1563
0.029296
0.0079901
0.0038242
0
0.0088779
0.039153
0.2474
0.32689
0.044364
0.019274
0.026264
0.023022
0.045817
0.076809
0.11504
0.48051
0.31175
0.072532
0.018765
0.016642
0.0064601
0.028034
0.053085
0.080557
0.31877
0.3751
0.026511
0
0.0011894
0.0039783
0
0.0092359
0.040732
0.25738
0.34007
0.046152
0.020051
0.027323
0.0046377
0.0092805
0.056492
0.031368
0.1656
0.17924
0.10499
0.074692
0.027049
0.0067206
0.029164
0.055225
0.083805
0.33163
0.39022
0.027579
0
0.0012374
0.030024
0.018613
0.017986
0.09819
0.65461
0.096651
0.02343
0.031816
0.085425
0.0010112
0.0020234
0.012317
0.0068393
0.036106
0.03908
0.022891
0.016285
0.0058974
0.059309
0.025769
0.026147
0.028698
0.033936
0.019747
0.093388
0.1669
0.087313
0.0065461
0.0040581
0.0039215
0.021409
0.14273
0.021073
0.0051085
0.006937
0.018625
0.47178
0.060679
0.027585
0.031339
0.015102
0.066567
0.25294
0.60454
0.51072
0.040938
0.017787
0.018048
0.019809
0.023424
0.01363
0.064461
0.1152
0.060268
0.11221
0.079222
0.037494
0.029218
0.049219
0.03543
0.02175
0.027372
0.1243
0.32565
0.041884
0.019041
0.021632
0.010424
0.045948
0.17459
0.41728
0.35253
0.33571
0.35019
0.24376
0.057485
0.03427
0.050404
0.019238
0.10058
0.42664
0.1518
0.10718
0.050724
0.039527
0.066585
0.047932
0.029424
0.037031
0.16816
0.0060577
0.0072883
0.0094671
0.042855
0.10785
0.035166
0.022112
0.013449
0.0071883
0.45417
0.47375
0.32978
0.077769
0.046363
0.068189
0.026026
0.13607
0.57718
0.023492
0.013895
0.017631
0.025685
0.0076679
0.019595
0.027037
0.01961
0.023757
0.028442
0.034219
0.044449
0.20121
0.50635
0.16511
0.10382
0.063144
0.03375
0.0004063
0.0037337
0.0076525
0.029176
0.69934
0.093014
0.020178
0.0072101
0.0004063
0.1103
0.065238
0.082778
0.12059
0.036002
0.092001
0.12694
0.092072
0.11154
0.058709
0.11175
0.1668
0.06796
0.038368
0.088702
0.069475
0.083078
0.053255
0.00043458
0.0039935
0.008185
0.031206
0.748
0.099486
0.021582
0.0077118
0.00043458
0.031892
0.045491
0.14145
0.23113
0.10871
0.13484
0.081879
0.023247
0.02878
0.062794
0.11953
0.17841
0.072688
0.041038
0.094874
0.074309
0.088858
0.056961
0.020486
0.032679
0.13511
0.18052
0.34545
0.24
0.042251
0.022346
0.013521
0.0095561
0.01636
0.021493
0.048291
0.26072
0.32037
0.057747
0.0059469
0.010795
0
0.00065443
0.0043524
0.11837
0.78226
0.33046
0.040388
0.0026968
0
0.010663
0.0048251
0.0087935
0.067151
0.19238
0.098333
0.032946
0.016325
0.0092259
0.010003
0.023828
0.049762
0.092431
0.11457
0.08469
0.02343
0.019007
0.014203
0
0.00063343
0.0042128
0.11457
0.75717
0.31986
0.039092
0.0026103
0
0.00077275
0
0.018061
0.085116
0.42469
0.18392
0.064216
0.015058
0.0088223
0.0096823
0.023064
0.048165
0.089466
0.11089
0.081973
0.022679
0.018397
0.013748
0.0092646
0.012486
0.015677
0.064427
0.20047
0.086213
0.011885
0.0047151
0.0095515
0.0011314
0
0.026445
0.12462
0.62182
0.2693
0.094023
0.022047
0.012917
0.0098086
0.00030915
0.017816
0.13653
0.54205
0.22897
0.019218
0.020833
0.021169
0.013565
0.018282
0.022954
0.094332
0.29352
0.12623
0.017402
0.0069037
0.013985
0.012028
0.0071747
0.013591
0.096749
0.14643
0.063438
0.018339
0.013572
0.015739
0.012458
0.00039266
0.022628
0.17341
0.68846
0.29081
0.024409
0.026461
0.026887
0.0152
0.03025
0.050712
0.075955
0.31725
0.20583
0.047888
0.012389
0.010988
0.015277
0.0091127
0.017263
0.12288
0.18598
0.080573
0.023293
0.017238
0.019991
0.12187
0.02584
0.10307
0.18734
0.22502
0.19886
0.14672
0.067988
0.13424
0.017958
0.035739
0.059914
0.089737
0.37482
0.24318
0.056578
0.014637
0.012982
0.0050391
0.021867
0.041408
0.062837
0.24865
0.29259
0.020679
0
0.00092781
0.14398
0.030529
0.12177
0.22134
0.26585
0.23494
0.17334
0.080325
0.1586
0.16362
0.10972
0.11372
0.18731
0.3151
0.28174
0.095364
0.17561
0.22603
0.004081
0.01771
0.033535
0.050889
0.20138
0.23696
0.016747
0
0.0007514
0.018231
0.011302
0.010922
0.059624
0.3975
0.05869
0.014228
0.01932
0.051873
0.13251
0.088858
0.092097
0.15169
0.25518
0.22817
0.077232
0.14222
0.18305
0.10819
0.17672
0.20326
0.19287
0.26685
0.16716
0.21101
0.36939
0.30777
0.0045912
0.0028462
0.0027504
0.015015
0.1001
0.01478
0.0035829
0.0048653
0.013063
0.33089
0.042558
0.019347
0.02198
0.010592
0.046687
0.17741
0.424
0.3582
0.027246
0.044503
0.051186
0.048571
0.0672
0.042096
0.053138
0.093023
0.077506
0.031554
0.0075897
0.0020759
0.0057811
0.015156
0.2001
0.35731
0.43115
0.38586
0.24352
0.031321
0.014239
0.016177
0.0077952
0.03436
0.13056
0.31205
0.26362
0.25105
0.26187
0.18229
0.042988
0.025628
0.037693
0.014387
0.075218
0.31905
0.023223
0.0055857
0.0015278
0.0042547
0.011154
0.14727
0.26297
0.31731
0.28398
0.19318
0.2091
0.30487
0.16855
0.03011
0.013962
0.0077038
0.0068402
0.034377
0.35282
0.36803
0.25619
0.060415
0.036017
0.052972
0.020219
0.10571
0.44839
0.01825
0.010794
0.013696
0.019953
0.0059568
0.015223
0.021004
0.015234
0.018455
0.2715
0.29387
0.42846
0.23688
0.042316
0.019622
0.010827
0.0096131
0.048313
0.13409
0.078571
0.079819
0.034988
0.044312
0.052129
0.019965
0.023544
0.099373
0.06859
0.04057
0.051477
0.074994
0.022388
0.057213
0.07894
0.057257
0.069363
0.036509
0.069494
0.10373
0.042262
0.02386
0.055161
0.043204
0.051663
0.033118
0.50396
0.2953
0.29999
0.1315
0.16654
0.19592
0.075036
0.088489
0.37349
0.16757
0.16903
0.14456
0.072173
0.051702
0.036567
0.074797
0.23392
0.35313
0.047007
0.089477
0.13356
0.054414
0.03072
0.071022
0.055627
0.066518
0.04264
0.015336
0.024464
0.10114
0.13514
0.2586
0.17966
0.031629
0.016728
0.010122
0.21575
0.21763
0.18613
0.092925
0.066569
0.047081
0.096304
0.30119
0.45466
0.26895
0.14566
0.078327
0.088386
0.094131
0.088684
0.13851
0.22983
0.42074
0.028532
0.012911
0.023529
0.17968
0.51477
0.26311
0.088156
0.043682
0.024686
0.026766
0.063758
0.13315
0.24732
0.30655
0.22661
0.062693
0.050858
0.038005
0
0.0052954
0.025578
0.028085
0.46101
0.041903
0.057315
0.0061332
0.00040099
0.0061088
0.034967
0.044384
0.04174
0.37302
0.092992
0.096326
0.049214
0.034055
0.02715
0.064672
0.13506
0.25087
0.31095
0.22986
0.063592
0.051588
0.03855
0.025979
0.035012
0.043961
0.18066
0.56213
0.24175
0.033326
0.013221
0.026783
0.0061964
0.035469
0.04502
0.042339
0.37837
0.094325
0.097707
0.049919
0.034543
0.0063635
0.018777
0.074993
0.19279
0.18845
0.29166
0.088415
0.028833
0.021493
0.027989
0.037722
0.047362
0.19464
0.60562
0.26045
0.035905
0.014244
0.028856
0.024817
0.014804
0.028043
0.19963
0.30212
0.13089
0.037839
0.028003
0.032476
0.0068559
0.02023
0.080796
0.20771
0.20303
0.31423
0.095256
0.031064
0.023156
0.018975
0.04296
0.045611
0.040536
0.38071
0.087779
0.055036
0.070488
0.01825
0.0073998
0.0044141
0.0083619
0.059523
0.090085
0.039029
0.011283
0.0083498
0.0096834
0.059032
0.012517
0.049925
0.090748
0.109
0.096325
0.07107
0.032933
0.065026
0.005658
0.01281
0.0136
0.012087
0.11352
0.026173
0.01641
0.021018
0.0054418
0.51875
0.29151
0.087775
0.11147
0.057089
0.039933
0.17151
0.47542
0.53958
0.036943
0.0078332
0.031244
0.056792
0.068212
0.060282
0.044477
0.02061
0.040695
0.041982
0.028153
0.029179
0.04806
0.080849
0.072289
0.024469
0.045058
0.057995
0.32464
0.18244
0.054931
0.06976
0.035728
0.024991
0.10733
0.29753
0.33768
0.27201
0.28826
0.2302
0.26258
0.22509
0.21266
0.34057
0.17336
0.27398
0.033861
0.022707
0.023535
0.038764
0.06521
0.058307
0.019736
0.036342
0.046778
0.027648
0.045159
0.051941
0.049287
0.068191
0.042716
0.053921
0.094395
0.078649
0.2194
0.23251
0.18567
0.21179
0.18155
0.17153
0.27469
0.13983
0.22099
0.13026
0.020051
0.028284
0.061342
0.62204
0.23646
0.16435
0.1012
0.25007
0.023993
0.039189
0.045074
0.042771
0.059176
0.037069
0.046793
0.081916
0.068251
0.027787
0.0066834
0.001828
0.0050908
0.013346
0.17621
0.31465
0.37967
0.33978
0.11304
0.0174
0.024544
0.053232
0.53981
0.2052
0.14262
0.087821
0.21701
0.2722
0.07382
0.049694
0.0347
0.032931
0.045993
0.14107
0.10727
0.20478
0.028775
0.0069212
0.001893
0.0052719
0.013821
0.18248
0.32584
0.39317
0.35187
0.23937
0.2591
0.37776
0.20885
0.037309
0.0173
0.0095456
0.0084756
0.042596
0.28188
0.076447
0.051462
0.035934
0.034103
0.047629
0.14609
0.11108
0.21206
0.033479
0.091665
0.11159
0.10966
0.18198
0.14419
0.067316
0.046141
0.026719
0.3033
0.3283
0.47865
0.26463
0.047274
0.02192
0.012095
0.010739
0.053972
0.1498
0.087776
0.08917
0.039087
0.049503
0.058236
0.022304
0.026302
0.11101
0.04242
0.11615
0.1414
0.13895
0.23058
0.18269
0.085295
0.058464
0.033855
0.16582
0.29917
0.13612
0.046677
0.043779
0.041492
0.10335
0.12423
0.34027
0.21141
0.12388
0.12585
0.055163
0.069865
0.08219
0.031477
0.037121
0.15668
0.070294
0.070908
0.060643
0.030276
0.021689
0.01534
0.031377
0.098131
0.14814
0.23403
0.42223
0.19211
0.065877
0.061787
0.058558
0.14586
0.17533
0.48024
0.18847
0.26124
0.20157
0.10255
0.061853
0.062187
0.066999
0.21553
0.23869
0.068393
0.068991
0.059003
0.029458
0.021103
0.014925
0.030529
0.095477
0.14413
0.085258
0.046176
0.02483
0.028019
0.02984
0.028113
0.043908
0.072858
0.13338
0.18337
0.25417
0.19612
0.099776
0.060181
0.060505
0.065187
0.2097
0.23223
0.43345
0.36766
0.10379
0.057697
0.0057826
0.03494
0.12865
0.23073
0.50293
0
0.0014877
0.0071858
0.0078903
0.12952
0.011772
0.016102
0.0017231
0.00011265
0.0017162
0.0098237
0.012469
0.011726
0.1048
0.026125
0.027062
0.013826
0.0095673
0.030857
0.013344
0.010304
0.011519
0.094846
0.015358
0.030962
0.01389
0.023584
0.11021
0.11969
0.23877
0.38059
0.41037
0.27742
0.070915
0.48948
0.48889
0.0012873
0.0073684
0.0093527
0.0087956
0.078605
0.019595
0.020298
0.01037
0.0071761
0.001322
0.0039008
0.015579
0.040052
0.039149
0.060591
0.018368
0.0059898
0.004465
0.082667
0.089776
0.1791
0.28547
0.3078
0.20809
0.053191
0.36714
0.3667
0.11622
0.094161
0.2326
0.43615
0.36821
0.17691
0.065577
0.058585
0.072695
0.0014667
0.004328
0.017285
0.044438
0.043436
0.067227
0.020379
0.0066458
0.0049539
0.0040596
0.0091909
0.0097581
0.0086723
0.08145
0.018779
0.011774
0.01508
0.0039045
0.12895
0.10447
0.25807
0.48391
0.40853
0.19628
0.072758
0.065001
0.080656
0.029502
0.018522
0.015145
0.32453
0.42967
0.32255
0.17179
0.053029
0.075256
0.0033463
0.007576
0.0080436
0.0071486
0.067139
0.01548
0.0097056
0.012431
0.0032184
0.30681
0.17241
0.051913
0.065926
0.033765
0.023617
0.10144
0.28118
0.31912
0.024318
0.015267
0.012484
0.26751
0.35418
0.26588
0.14161
0.043712
0.062034
0.27161
0.093354
0.17806
0.22637
0.12413
0.18281
0.13475
0.20224
0.32127
0.26326
0.14794
0.044545
0.056569
0.028972
0.020265
0.087038
0.24127
0.27383
0.22058
0.23376
0.18667
0.21293
0.18253
0.17245
0.27617
0.14058
0.22218
0.23306
0.080104
0.15279
0.19424
0.10651
0.15686
0.11562
0.17354
0.27567
0.088265
0.063254
0.081963
0.12214
0.14249
0.15657
0.083282
0.065311
0.054626
0.20444
0.21665
0.17301
0.19735
0.16917
0.15983
0.25596
0.13029
0.20592
0.12138
0.018684
0.026355
0.057159
0.57963
0.22034
0.15314
0.0943
0.23302
0.081806
0.058625
0.075965
0.11321
0.13206
0.14511
0.077187
0.060532
0.050629
0.073979
0.085272
0.064311
0.061003
0.048048
0.087917
0.10324
0.17372
0.14916
0.10496
0.016156
0.022789
0.049425
0.5012
0.19052
0.13242
0.08154
0.20149
0.25273
0.068541
0.04614
0.032218
0.030576
0.042703
0.13098
0.099594
0.19013
0.063969
0.073734
0.05561
0.052749
0.041547
0.076022
0.08927
0.15022
0.12898
0.44158
0.21403
0.032576
0.041952
0.058367
0.05165
0.074467
0.14464
0.38668
0.29462
0.079903
0.053788
0.037559
0.035645
0.049782
0.15269
0.1161
0.22165
0.034993
0.09581
0.11664
0.11462
0.19021
0.1507
0.07036
0.048227
0.027927
0.51478
0.24952
0.037976
0.048906
0.068042
0.060212
0.086811
0.16861
0.45078
0.10351
0.076137
0.14514
0.095384
0.15695
0.14199
0.060427
0.091444
0.16356
0.041826
0.11452
0.13942
0.137
0.22735
0.18013
0.084099
0.057645
0.03338
0.1635
0.29498
0.13421
0.046023
0.043166
0.04091
0.1019
0.12249
0.3355
0.12373
0.091005
0.17348
0.11401
0.18759
0.16971
0.072226
0.1093
0.1955
0.23079
0.12824
0.083928
0.15646
0.44289
0.16568
0.078698
0.083424
0.22774
0.15488
0.27944
0.12714
0.043598
0.040891
0.038755
0.096534
0.11604
0.31783
0.12473
0.17289
0.1334
0.067868
0.040935
0.041156
0.044341
0.14264
0.15797
0.21863
0.12148
0.079506
0.14822
0.41956
0.15695
0.074551
0.079028
0.21574
0.30713
0.21883
0.081757
0.10698
0.052214
0.030805
0.039573
0.16101
0.30503
0.11879
0.16465
0.12704
0.064634
0.038984
0.039195
0.042228
0.13584
0.15044
0.28078
0.23817
0.067235
0.037376
0.0037459
0.022634
0.083337
0.14947
0.32579
0.29249
0.2084
0.077861
0.10188
0.049725
0.029337
0.037687
0.15334
0.29049
0.46219
0.14708
0.047897
0.031869
0.012784
0.039367
0.053371
0.13089
0.31109
0.021135
0.0091395
0.0070573
0.0078895
0.064963
0.010519
0.021207
0.0095137
0.016154
0.075489
0.081981
0.16355
0.26068
0.28107
0.19002
0.048572
0.33526
0.33486
0.037784
0.0061277
0.023916
0.039356
0.15646
0.14806
0.23725
0.35783
0.29206
0.092559
0.098832
0.1539
0.087071
0.098267
0.24954
0.24308
0.17572
0.1183
0.071061
0.077171
0.15395
0.24539
0.26458
0.17887
0.045723
0.3156
0.31521
0.099904
0.080941
0.19994
0.37491
0.31651
0.15207
0.05637
0.05036
0.062488
0.087129
0.093034
0.14487
0.081963
0.092502
0.2349
0.22881
0.16541
0.11136
0.038143
0.054889
0.046482
0.1115
0.17993
0.12463
0.035503
0.046262
0.043137
0.10575
0.085677
0.21164
0.39685
0.33504
0.16097
0.059668
0.053307
0.066145
0.024194
0.015189
0.01242
0.26615
0.35237
0.26452
0.14089
0.043489
0.061717
0.040375
0.058101
0.049202
0.11803
0.19045
0.13192
0.03758
0.048969
0.045661
0.19747
0.14292
0.10998
0.14577
0.24116
0.19918
0.16184
0.10803
0.17138
0.022025
0.013828
0.011307
0.24229
0.32078
0.24081
0.12825
0.03959
0.056184
0.246
0.084551
0.16127
0.20502
0.11242
0.16557
0.12204
0.18317
0.29097
0.17977
0.13011
0.10012
0.1327
0.21954
0.18132
0.14733
0.098348
0.15601
0.2275
0.12363
0.22558
0.18657
0.19623
0.064521
0.080806
0.057011
0.17524
0.29801
0.10243
0.19537
0.24838
0.1362
0.20058
0.14785
0.2219
0.3525
0.11286
0.080883
0.10481
0.15619
0.1822
0.2002
0.10649
0.083513
0.069851
0.2756
0.14978
0.27328
0.22602
0.23773
0.078164
0.097892
0.069066
0.2123
0.092396
0.080254
0.050583
0.065681
0.068598
0.067694
0.061638
0.060665
0.10368
0.16818
0.12052
0.15617
0.23273
0.27149
0.29832
0.15868
0.12444
0.10408
0.15209
0.1753
0.13221
0.12541
0.098778
0.18074
0.21224
0.35714
0.30664
0.13768
0.11958
0.075373
0.097871
0.10222
0.10087
0.091846
0.090396
0.15449
0.19795
0.21357
0.10166
0.068219
0.038454
0.084465
0.15825
0.11439
0.11034
0.079999
0.092211
0.069545
0.065967
0.051958
0.095072
0.11164
0.18786
0.1613
0.55223
0.26767
0.040739
0.052464
0.072993
0.064593
0.093127
0.18088
0.48357
0.10412
0.11234
0.053475
0.035883
0.020227
0.044429
0.083239
0.060168
0.058042
0.29142
0.13299
0.10842
0.078181
0.090196
0.10318
0.095308
0.032245
0.17708
0.50403
0.2443
0.037183
0.047885
0.066621
0.058955
0.084998
0.16509
0.44136
0.10135
0.074547
0.14211
0.093392
0.15367
0.13902
0.059165
0.089535
0.16014
0.26599
0.12138
0.098953
0.071357
0.082323
0.094178
0.086989
0.02943
0.16163
0.30058
0.16504
0.086579
0.019301
0.016172
0.047518
0.020503
0.048636
0.19805
0.12678
0.093248
0.17775
0.11682
0.19222
0.1739
0.074007
0.112
0.20032
0.23648
0.1314
0.085997
0.16032
0.45381
0.16976
0.080638
0.08548
0.23335
0.37599
0.20645
0.1083
0.024142
0.02023
0.059439
0.025646
0.060837
0.24773
0.13653
0.096197
0.15126
0.068507
0.1353
0.084877
0.056058
0.069588
0.20101
0.23988
0.13329
0.087231
0.16262
0.46033
0.1722
0.081796
0.086707
0.2367
0.33698
0.24009
0.089702
0.11737
0.057288
0.033799
0.043418
0.17666
0.33467
0.13849
0.097577
0.15343
0.06949
0.13724
0.086095
0.056863
0.070587
0.20389
0.11128
0.14518
0.1226
0.074238
0.06183
0.081928
0.055898
0.13484
0.13175
0.33346
0.23759
0.088766
0.11615
0.05669
0.033446
0.042965
0.17481
0.33117
0.52692
0.16768
0.054605
0.036332
0.014575
0.044881
0.060846
0.14923
0.35466
0.11012
0.14367
0.12132
0.073463
0.061185
0.081073
0.055315
0.13343
0.13038
0.054655
0.090186
0.045083
0.1962
0.1404
0.08629
0.066481
0.070205
0.10635
0.038901
0.0063089
0.024623
0.04052
0.16109
0.15244
0.24427
0.36842
0.3007
0.095297
0.10176
0.15845
0.089647
0.10117
0.25692
0.25027
0.18092
0.1218
0.12913
0.1948
0.06788
0.093658
0.11894
0.15725
0.070407
0.045725
0.12042
0.26546
0.17115
0.15524
0.040181
0.011566
0.03611
0.060657
0.21423
0.34243
0.10867
0.11604
0.18069
0.10223
0.11537
0.29298
0.28539
0.20631
0.13889
0.047574
0.06846
0.057974
0.13907
0.22441
0.15544
0.04428
0.0577
0.053802
0.30271
0.19517
0.17703
0.04582
0.013189
0.041178
0.06917
0.2443
0.39049
0.1655
0.10828
0.13706
0.22562
0.11147
0.074483
0.16307
0.086699
0.18428
0.048667
0.070033
0.059307
0.14227
0.22957
0.15901
0.045298
0.059025
0.055038
0.23803
0.17227
0.13257
0.17571
0.29068
0.24009
0.19508
0.13022
0.20657
0.16931
0.11077
0.1402
0.2308
0.11403
0.076195
0.16682
0.088692
0.18851
0.37247
0.16237
0.096871
0.090256
0.04896
0.058859
0.061845
0.25472
0.21614
0.19577
0.14169
0.10903
0.14451
0.23908
0.19746
0.16045
0.1071
0.1699
0.24775
0.13464
0.24566
0.20318
0.2137
0.070265
0.087999
0.062086
0.19084
0.30634
0.13355
0.079673
0.074233
0.040268
0.048409
0.050865
0.2095
0.17777
0.26036
0.24848
0.065523
0.080218
0.072373
0.13181
0.040997
0.14318
0.27604
0.21945
0.11926
0.2176
0.17997
0.18929
0.062239
0.077948
0.054994
0.16905
0.073571
0.063903
0.040277
0.052299
0.054622
0.053902
0.04908
0.048305
0.082557
0.23062
0.2201
0.058039
0.071056
0.064107
0.11675
0.036315
0.12682
0.24451
0.57533
0.20845
0.061811
0.045538
0.032986
0.037604
0.067957
0.18729
0.34881
0.078125
0.067858
0.04277
0.055536
0.058003
0.057238
0.052118
0.051295
0.087667
0.11233
0.12119
0.057688
0.03871
0.021821
0.047929
0.089796
0.064908
0.062614
0.61094
0.22135
0.065637
0.048357
0.035028
0.039931
0.072163
0.19888
0.3704
0.3424
0.16838
0.092642
0.029591
0.0004298
0.034145
0.073477
0.15389
0.33859
0.13992
0.15096
0.071859
0.04822
0.027181
0.059704
0.11186
0.080853
0.077996
0.39161
0.17871
0.14569
0.10506
0.1212
0.13866
0.12807
0.04333
0.23796
0.42651
0.20975
0.1154
0.036861
0.00053538
0.042533
0.091527
0.19169
0.42177
0.26925
0.12489
0.083138
0.026496
0.051662
0.053871
0.048638
0.015266
0.15825
0.40844
0.18639
0.15195
0.10957
0.12641
0.14462
0.13358
0.045192
0.24819
0.46156
0.25344
0.13295
0.029637
0.024834
0.072967
0.031483
0.074684
0.30412
0.28082
0.13026
0.08671
0.027634
0.053882
0.056186
0.050727
0.015922
0.16505
0.05838
0.11266
0.12209
0.10828
0.16834
0.10346
0.11567
0.061153
0.07084
0.40761
0.22382
0.11741
0.026173
0.021931
0.064439
0.027803
0.065955
0.26857
0.14801
0.10429
0.16398
0.07427
0.14668
0.092017
0.060773
0.075441
0.21792
0.051557
0.099495
0.10782
0.095626
0.14867
0.091365
0.10215
0.054006
0.06256
0.56955
0.19547
0.065114
0.08065
0.060802
0.06997
0.058187
0.096715
0.24422
0.12636
0.089032
0.13999
0.063405
0.12522
0.078555
0.051883
0.064405
0.18604
0.10153
0.13247
0.11187
0.067736
0.056415
0.074753
0.051003
0.12303
0.12022
0.48623
0.16687
0.055588
0.068852
0.051907
0.059734
0.049675
0.082566
0.20849
0.56353
0.22895
0.097675
0.10806
0.042651
0.057299
0.14208
0.14672
0.18478
0.11754
0.15335
0.1295
0.078412
0.065307
0.086535
0.059041
0.14242
0.13916
0.058337
0.096262
0.04812
0.20942
0.14986
0.092103
0.07096
0.074934
0.11351
0.65235
0.26503
0.11307
0.12509
0.049374
0.06633
0.16447
0.16985
0.21391
0.19119
0.10614
0.098128
0.15012
0.15339
0.077392
0.090419
0.062798
0.13115
0.173
0.26098
0.090942
0.12548
0.15935
0.21067
0.094328
0.061259
0.16134
0.35565
0.2293
0.20798
0.053833
0.015496
0.048379
0.081265
0.28702
0.45877
0.023148
0.037474
0.1565
0.16141
0.12585
0.14978
0.038245
0.022829
0.028425
0.12723
0.14766
0.070762
0.14886
0.093988
0.037712
0.15649
0.20785
0.074747
0.35011
0.22573
0.20475
0.052994
0.015254
0.047626
0.08
0.28255
0.45163
0.19142
0.12523
0.15851
0.26094
0.12892
0.086145
0.1886
0.10027
0.21313
0.12524
0.14536
0.06966
0.14654
0.092525
0.037125
0.15405
0.20462
0.073583
0.059967
0.028656
0.081143
0.11684
0.098773
0.17424
0.10011
0.07385
0.063776
0.16525
0.10812
0.13685
0.22528
0.1113
0.074371
0.16283
0.086569
0.184
0.36355
0.15849
0.094553
0.088097
0.047788
0.05745
0.060365
0.24862
0.21097
0.051771
0.024739
0.070053
0.10087
0.085273
0.15043
0.086424
0.063757
0.05506
0.29952
0.3859
0.17461
0.087091
0.19647
0.17524
0.14678
0.24932
0.15376
0.2716
0.1184
0.070638
0.065815
0.035701
0.042919
0.045097
0.18574
0.15761
0.23084
0.2203
0.058092
0.071121
0.064166
0.11686
0.036348
0.12694
0.24474
0.22376
0.28829
0.13044
0.065063
0.14678
0.13091
0.10966
0.18626
0.11487
0.36951
0.24418
0.09504
0.10357
0.19987
0.17253
0.11307
0.18126
0.22078
0.19563
0.18671
0.049233
0.060274
0.05438
0.09904
0.030805
0.10758
0.20741
0.48803
0.17682
0.052433
0.038629
0.027981
0.031898
0.057646
0.15887
0.29589
0.31316
0.20694
0.080546
0.087778
0.16939
0.14622
0.095824
0.15362
0.18711
0.25216
0.15232
0.04831
0.026545
0.026281
0.020856
0.074813
0.17704
0.24509
0.53037
0.19216
0.056981
0.041979
0.030408
0.034665
0.062647
0.17266
0.32155
0.29724
0.14618
0.080424
0.025689
0.00037312
0.029642
0.063787
0.1336
0.29394
0.27403
0.16553
0.0525
0.028848
0.02856
0.022665
0.081302
0.1924
0.26635
0.09167
0.12152
0.027596
0.049876
0.043133
0.03766
0.03259
0.17801
0.16447
0.43473
0.21379
0.11762
0.037572
0.0005457
0.043354
0.093292
0.19539
0.42991
0.27445
0.1273
0.084741
0.027007
0.052658
0.05491
0.049575
0.01556
0.16131
0.13407
0.17773
0.040361
0.072947
0.063084
0.05508
0.047665
0.26035
0.24055
0.17668
0.21061
0.18269
0.10651
0.12325
0.068201
0.15409
0.15939
0.042386
0.34827
0.16154
0.10754
0.034271
0.066823
0.06968
0.062911
0.019746
0.20469
0.072402
0.13972
0.15142
0.13429
0.20878
0.1283
0.14346
0.075841
0.087854
0.2242
0.26727
0.23183
0.13516
0.1564
0.086546
0.19554
0.20227
0.053787
0.14606
0.1955
0.2411
0.17644
0.35523
0.12007
0.11476
0.088336
0.079863
0.053298
0.10285
0.11146
0.098855
0.15369
0.09445
0.1056
0.05583
0.064673
0.58878
0.20207
0.067313
0.083374
0.062855
0.072333
0.060152
0.09998
0.25246
0.10752
0.14392
0.17749
0.12988
0.2615
0.088386
0.084477
0.065028
0.058791
0.28701
0.17975
0.073376
0.071604
0.060297
0.11225
0.11218
0.10085
0.30337
0.43859
0.15052
0.050142
0.062106
0.046821
0.053881
0.044807
0.074476
0.18806
0.50832
0.20651
0.088105
0.09747
0.038472
0.051685
0.12816
0.13235
0.16668
0.21379
0.1339
0.054659
0.053339
0.044915
0.083614
0.083562
0.075127
0.22598
0.23729
0.19187
0.10299
0.030678
0.079297
0.040284
0.050614
0.17817
0.23951
0.57806
0.23485
0.10019
0.11084
0.043751
0.058777
0.14574
0.15051
0.18955
0.16942
0.094057
0.086953
0.13302
0.13592
0.068579
0.080122
0.055647
0.11621
0.26985
0.2182
0.11712
0.034888
0.090178
0.045811
0.057559
0.20262
0.27238
0.16079
0.19769
0.10114
0.049592
0.035357
0.034788
0.050115
0.12364
0.17926
0.008622
0.013958
0.058292
0.060121
0.046876
0.055791
0.014245
0.0085033
0.010588
0.047388
0.054999
0.026357
0.055446
0.035008
0.014047
0.058288
0.077421
0.027842
0.0019167
0.0071773
0.0048311
0.04784
0.63406
0.10025
0.010903
0.0052933
0.0055643
0.0037323
0.0063071
0.0030775
0.10226
0.73187
0.073183
0.015038
0.00572
0.0022209
0.050661
0.058797
0.028177
0.059275
0.037426
0.015017
0.062314
0.082768
0.029764
0.024257
0.011591
0.032822
0.047263
0.039953
0.070481
0.040493
0.029872
0.025797
0.00399
0.0067426
0.0032901
0.10932
0.78241
0.078237
0.016076
0.006115
0.0023743
0.0034588
0.0094637
0.012711
0.095724
0.55443
0.1201
0.023341
0.015106
0.0019711
0.031855
0.015222
0.043103
0.062068
0.052468
0.092559
0.053177
0.03923
0.033878
0.18429
0.23744
0.10744
0.053587
0.12089
0.10782
0.090315
0.1534
0.094611
0.0045422
0.012428
0.016693
0.12571
0.7281
0.15772
0.030652
0.019838
0.0025885
0.051336
0.054583
0.082196
0.193
0.29725
0.14745
0.18314
0.13941
0.13883
0.14487
0.18665
0.084454
0.042124
0.095029
0.084758
0.070996
0.12059
0.074373
0.23923
0.15809
0.061532
0.067057
0.1294
0.1117
0.073204
0.11736
0.14294
0.040355
0.042907
0.064614
0.15172
0.23367
0.11591
0.14397
0.10959
0.10913
0.0074113
0
0.022233
0.25927
0.68751
0.21036
0.014628
0.063502
0.048567
0.24046
0.1589
0.061848
0.067401
0.13006
0.11228
0.073579
0.11796
0.14367
0.19362
0.11696
0.037095
0.020383
0.02018
0.016015
0.057446
0.13594
0.1882
0.0074493
0
0.022347
0.2606
0.69104
0.21144
0.014703
0.063827
0.048816
0.060602
0.058222
0.10284
0.18183
0.24762
0.116
0.01964
0.018615
0.068298
0.29052
0.17549
0.05566
0.030584
0.030279
0.02403
0.086196
0.20398
0.28239
0.097187
0.12883
0.029257
0.052878
0.045729
0.039927
0.034552
0.18873
0.17437
0.090932
0.087361
0.1543
0.27283
0.37155
0.17405
0.029469
0.027931
0.10248
0.041266
0.034455
0.1607
0.17204
0.47742
0.24138
0.0532
0.049854
0.073677
0.10718
0.14209
0.032266
0.058317
0.050433
0.044033
0.038106
0.20814
0.19231
0.14124
0.16838
0.14605
0.085151
0.098533
0.054523
0.12319
0.12743
0.033885
0.045511
0.037999
0.17723
0.18973
0.52653
0.26621
0.058672
0.054982
0.081255
0.11778
0.056113
0.065243
0.16938
0.2222
0.28182
0.16441
0.237
0.24792
0.16678
0.19882
0.17246
0.10055
0.11635
0.064381
0.14546
0.15047
0.040012
0.10865
0.14543
0.17936
0.13125
0.26426
0.089317
0.085367
0.065713
0.05941
0.13908
0.066259
0.077039
0.2
0.26237
0.33277
0.19414
0.27985
0.29274
0.088981
0.11866
0.1802
0.24294
0.1318
0.15956
0.047107
0.1084
0.18219
0.093703
0.12542
0.15468
0.11319
0.2279
0.077028
0.073622
0.056672
0.051236
0.25013
0.15665
0.063947
0.062403
0.052548
0.097824
0.097763
0.087894
0.26439
0.076739
0.10234
0.15541
0.20952
0.11367
0.1376
0.040626
0.093486
0.15712
0.097952
0.094935
0.17075
0.3613
0.41294
0.39223
0.11838
0.017195
0.081881
0.19857
0.12436
0.050767
0.049541
0.041717
0.077661
0.077613
0.069778
0.20989
0.2204
0.17821
0.095657
0.028494
0.073651
0.037415
0.047011
0.16549
0.22246
0.077763
0.075368
0.13556
0.28683
0.32783
0.31138
0.093977
0.013651
0.065004
0.072901
0.015289
0.035471
0.23544
0.4971
0.18593
0.13021
0.028636
0.096966
0.19954
0.16135
0.086606
0.025798
0.066683
0.033875
0.042563
0.14983
0.20141
0.1189
0.14618
0.074792
0.036672
0.026145
0.025724
0.037058
0.091429
0.13256
0.066003
0.013842
0.032115
0.21317
0.45007
0.16834
0.11789
0.025927
0.087792
0.010827
0.042927
0.02449
0.15415
0.64846
0.1718
0.062196
0.0036356
0.0070356
0.0018377
0.0068814
0.0046319
0.045868
0.60792
0.096116
0.010454
0.0050751
0.0053349
0.0035784
0.0060471
0.0029507
0.098041
0.7017
0.070166
0.014418
0.0054842
0.0021294
0.0061921
0.015727
0.019504
0.12211
0.27361
0.040049
0.0064386
0.0062164
0.012762
0.052392
0.062328
0.038192
0.051558
0.03429
0.052638
0.045316
0.031298
0.040313
0.0039277
0.0066373
0.0032387
0.10761
0.77019
0.077016
0.015825
0.0060195
0.0023372
0.0034048
0.0093159
0.012513
0.094229
0.54577
0.11823
0.022976
0.01487
0.0019403
0.057506
0.068412
0.04192
0.056591
0.037637
0.057776
0.04974
0.034353
0.044248
0.016909
0.06671
0.15196
0.12038
0.017335
0.025324
0.021218
0.012067
0.0051081
0.0046083
0.012609
0.016936
0.12754
0.73869
0.16002
0.031098
0.020127
0.0026262
0.052082
0.055377
0.083392
0.19581
0.30158
0.14959
0.18581
0.14144
0.14085
0.022886
0.09029
0.20567
0.16293
0.023463
0.034276
0.028718
0.016332
0.0069137
0.010759
0.046051
0.16179
0.20683
0.12144
0.055661
0.041936
0.021573
0.01422
0.044094
0.046883
0.0706
0.16578
0.25532
0.12665
0.15731
0.11975
0.11924
0.0080979
0
0.024293
0.2833
0.75121
0.22985
0.015983
0.069385
0.053067
0.0091088
0.038987
0.13698
0.1751
0.10281
0.047123
0.035503
0.018264
0.012039
0.010625
0.017217
0.082339
0.16452
0.14208
0.050795
0.01646
0.0073801
0.0026497
0.0078355
0
0.023506
0.27412
0.72687
0.2224
0.015465
0.067137
0.051348
0.063744
0.061241
0.10817
0.19126
0.26046
0.12201
0.020658
0.01958
0.071839
0.01028
0.016659
0.079671
0.15919
0.13748
0.049149
0.015927
0.007141
0.0025639
0.037047
0.11351
0.17858
0.27085
0.10977
0.051042
0.049257
0.018012
0.060461
0.079362
0.076246
0.13467
0.23812
0.32428
0.15191
0.02572
0.024377
0.089441
0.036016
0.030072
0.14025
0.15015
0.41668
0.21067
0.046432
0.043511
0.064303
0.046124
0.14132
0.22233
0.33721
0.13667
0.063548
0.061326
0.022425
0.075275
0.056167
0.18883
0.26254
0.42094
0.030076
0.018328
0.012124
0.01667
0.021751
0.039941
0.033349
0.15554
0.16651
0.4621
0.23363
0.051492
0.048254
0.071312
0.10337
0.049246
0.057259
0.14865
0.19501
0.24733
0.14429
0.208
0.21758
0.062289
0.20942
0.29116
0.46682
0.033354
0.020326
0.013445
0.018487
0.024122
0.014476
0.040277
0.11943
0.17006
0.10498
0.040584
0.048752
0.067311
0.020734
0.14619
0.069647
0.080978
0.21023
0.27579
0.34979
0.20406
0.29416
0.30771
0.093531
0.12473
0.18942
0.25537
0.13854
0.16772
0.049516
0.11394
0.1915
0.020472
0.056961
0.16891
0.24051
0.14846
0.057396
0.068947
0.095194
0.029323
0.041111
0.020246
0.016741
0.065538
0.22208
0.24739
0.1653
0.039583
0.028211
0.080475
0.10732
0.16297
0.21972
0.1192
0.1443
0.042604
0.098038
0.16477
0.10272
0.099558
0.17907
0.37889
0.43304
0.41133
0.12414
0.018032
0.085868
0.035372
0.01742
0.014404
0.056389
0.19108
0.21286
0.14223
0.034058
0.024273
0.027668
0.080387
0.11009
0.10001
0.2432
0.2227
0.037012
0.078083
0.057911
0.07657
0.074211
0.13348
0.28243
0.3228
0.30661
0.092535
0.013441
0.064007
0.071782
0.015054
0.034927
0.23183
0.48948
0.18308
0.12821
0.028197
0.095479
0.020624
0.059921
0.082061
0.074545
0.18128
0.166
0.027589
0.058204
0.043168
0.22855
0.2114
0.098736
0.059768
0.035348
0.0136
0.062116
0.14065
0.31959
0.064332
0.013492
0.031302
0.20777
0.43867
0.16408
0.11491
0.02527
0.085569
0.010553
0.04184
0.02387
0.15025
0.63204
0.16745
0.060621
0.0035436
0.0068575
0.20483
0.18946
0.088488
0.053565
0.031679
0.012189
0.055669
0.12605
0.28642
0.091259
0.11684
0.14274
0.10409
0.059576
0.01936
0.047356
0.024613
0.063749
0.013365
0.033944
0.042096
0.26355
0.59055
0.08644
0.013897
0.013417
0.027545
0.11308
0.13453
0.082432
0.11128
0.07401
0.11361
0.097809
0.067553
0.087009
0.0098611
0.013182
0.023872
0.12466
0.41896
0.16499
0.028641
0.063366
0.028041
0.012177
0.046428
0.038884
0.10163
0.43986
0.18856
0.043641
0.099267
0.015956
0.14802
0.17609
0.1079
0.14566
0.096876
0.14871
0.12803
0.088424
0.11389
0.043523
0.17171
0.39113
0.30985
0.044619
0.065184
0.054613
0.03106
0.013148
0.015939
0.060772
0.050897
0.13303
0.57576
0.24681
0.057124
0.12994
0.020886
0.024608
0.022271
0.019541
0.091816
0.30905
0.10308
0.020139
0.007713
0.032669
0.047442
0.18717
0.42636
0.33775
0.048637
0.071053
0.059531
0.033856
0.014332
0.022304
0.095462
0.33539
0.42874
0.25173
0.11538
0.086932
0.044721
0.029478
0.026824
0.024276
0.021301
0.10008
0.33688
0.11236
0.021953
0.0084075
0.035611
0.012048
0.060193
0.10834
0.27423
0.16892
0.048568
0.013189
0.0059345
0.0024146
0.019186
0.082119
0.28851
0.36882
0.21655
0.099256
0.074782
0.03847
0.025358
0.022379
0.036265
0.17343
0.34654
0.29927
0.10699
0.034671
0.015545
0.0055812
0.010364
0.05178
0.093196
0.2359
0.14531
0.041779
0.011346
0.005105
0.0020771
0.019898
0.035223
0.03808
0.28181
0.4938
0.13902
0.10299
0.086744
0.027203
0.011169
0.0181
0.086562
0.17296
0.14937
0.053399
0.017305
0.0077586
0.0027856
0.040251
0.12333
0.19402
0.29427
0.11927
0.055456
0.053517
0.01957
0.06569
0.0099313
0.01758
0.019006
0.14065
0.24646
0.069385
0.051405
0.043294
0.013577
0
0.0013627
0.052852
0.23488
0.74157
0.24643
0.10237
0.027776
0
0.023971
0.073444
0.11555
0.17525
0.071028
0.033026
0.031871
0.011654
0.039121
0.02919
0.098138
0.13644
0.21876
0.01563
0.0095254
0.0063009
0.0086636
0.011304
0
0.00081151
0.031475
0.13988
0.44163
0.14676
0.060963
0.016541
0
0
0.00078421
0.014992
0.15106
0.7452
0.20993
0.0026387
0.0067393
0.0014041
0.027169
0.091342
0.127
0.20362
0.014548
0.0088658
0.0058646
0.0080637
0.010521
0.0063139
0.017568
0.052095
0.074177
0.045788
0.017702
0.021264
0.029359
0.0090436
0
0.00072991
0.013954
0.1406
0.6936
0.19539
0.002456
0.0062727
0.0013069
0.006419
0.0068239
0.00058941
0.047717
0.56631
0.23878
0.030634
0.012759
0.00024806
0.0095263
0.026506
0.0786
0.11192
0.069085
0.026709
0.032084
0.044297
0.013645
0.01913
0.0094213
0.0077904
0.030497
0.10334
0.11512
0.07692
0.01842
0.013128
0.009685
0.010296
0.0008893
0.071995
0.85444
0.36027
0.046221
0.019251
0.00037427
0.12705
0.033187
0.064329
0.08898
0.08193
0.055818
0.068771
0.11675
0.12161
0.04505
0.022186
0.018346
0.071818
0.24336
0.2711
0.18114
0.043376
0.030914
0.035238
0.10238
0.14021
0.12737
0.30974
0.28363
0.047139
0.099448
0.073756
0.29918
0.078151
0.15149
0.20954
0.19294
0.13145
0.16195
0.27493
0.28639
0.083439
0.058696
0.046527
0.081754
0.23273
0.25267
0.052374
0.069361
0.19093
0.020266
0.058881
0.080637
0.073251
0.17813
0.16312
0.02711
0.057194
0.042418
0.22458
0.20773
0.097021
0.05873
0.034734
0.013364
0.061038
0.13821
0.31405
0.047987
0.033757
0.026758
0.047018
0.13385
0.14532
0.030121
0.039891
0.10981
0.5362
0.21946
0.024712
0.017603
0.017306
0.023804
0.054707
0.36485
0.3966
0.22968
0.21245
0.099224
0.060064
0.035523
0.013668
0.062423
0.14135
0.32118
0.10233
0.13102
0.16006
0.11672
0.066804
0.021708
0.053101
0.0276
0.071484
0.54838
0.22444
0.025273
0.018002
0.017699
0.024345
0.055949
0.37313
0.40561
0.048748
0.066559
0.084321
0.026154
0.011314
0.011358
0.007313
0.025022
0.065638
0.0099815
0.013343
0.024164
0.12619
0.42407
0.16701
0.02899
0.06414
0.028384
0.012325
0.046995
0.039358
0.10287
0.44522
0.19086
0.044173
0.10048
0.016151
0
0
0.0073711
0.012325
0.56857
0.10479
0.0050073
0.00060438
0
0
0
0.0067069
0.099325
0.38747
0.11062
0.038942
0.00040783
0.00055918
0.014225
0.054237
0.045424
0.11873
0.51384
0.22027
0.050981
0.11596
0.01864
0.021962
0.019876
0.01744
0.081943
0.27581
0.091997
0.017974
0.0068836
0.029156
0
0
0.0077405
0.11463
0.44718
0.12767
0.044944
0.00047069
0.00064535
0.0093535
0.0071574
0.036014
0.23042
0.5148
0.082693
0.014447
0.0025894
0.0020613
0.023286
0.021075
0.018492
0.086885
0.29245
0.097546
0.019058
0.0072987
0.030915
0.010459
0.052255
0.094051
0.23806
0.14664
0.042163
0.01145
0.0051519
0.0020962
0.0099176
0.0075891
0.038186
0.24431
0.54585
0.087681
0.015318
0.0027456
0.0021857
0.0098545
0.0071251
0.0073665
0.045528
0.63783
0.15948
0.026445
0.012125
0.018456
0.0083227
0.041581
0.07484
0.18943
0.11669
0.03355
0.0091111
0.0040995
0.001668
0.015979
0.028286
0.030579
0.22631
0.39654
0.11164
0.082709
0.069659
0.021845
0.0078416
0.0056697
0.0058618
0.036228
0.50754
0.1269
0.021043
0.0096482
0.014686
0.007856
0.0012839
0.00012722
0.13067
0.64127
0.043099
0.013157
0.0051395
0.021829
0.0087462
0.015482
0.016738
0.12387
0.21705
0.061106
0.045271
0.038128
0.011957
0
0.0012001
0.046545
0.20686
0.65308
0.21702
0.090151
0.024461
0
0.0043001
0.00070276
6.9636e-05
0.071523
0.351
0.023591
0.0072017
0.0028131
0.011948
0.010937
0.01952
0.026382
0.1482
0.47647
0.14519
0.022551
0.026666
0.026314
0
0.00075659
0.029345
0.13041
0.41174
0.13682
0.056837
0.015422
0
0
0.00073113
0.013977
0.14084
0.69477
0.19572
0.0024601
0.0062832
0.0013091
0.0068955
0.012306
0.016633
0.093434
0.3004
0.091538
0.014217
0.016812
0.01659
0.0043906
0.0059567
0.011869
0.087197
0.33475
0.14376
0.012099
0.0071709
0.0045203
0
0.00068192
0.013036
0.13136
0.64801
0.18255
0.0022945
0.0058603
0.001221
0.005997
0.0063753
0.00055066
0.04458
0.52908
0.22308
0.02862
0.01192
0.00023175
0.0040951
0.0055558
0.01107
0.081328
0.31222
0.13408
0.011285
0.0066883
0.0042161
0.0026225
0.005608
0.014779
0.072886
0.2486
0.081907
0.0079512
0.0028393
0
0.0085874
0.0091291
0.00078852
0.063837
0.75762
0.31944
0.040983
0.017069
0.00033186
0.11265
0.029426
0.057039
0.078896
0.072645
0.049492
0.060978
0.10352
0.10783
0.0037552
0.0080304
0.021163
0.10437
0.35598
0.11729
0.011386
0.0040657
0
0.11223
0.057921
0.049177
0.17059
0.1912
0.074071
0.034018
0.11399
0.072381
0.22617
0.05908
0.11452
0.1584
0.14585
0.099368
0.12243
0.20783
0.2165
0.063077
0.044372
0.035173
0.061803
0.17594
0.19101
0.039593
0.052435
0.14434
0.22532
0.11629
0.098735
0.34251
0.38389
0.14872
0.0683
0.22886
0.14532
0.042342
0.017831
0.067422
0.19843
0.29716
0.28298
0.11155
0.016611
0.034818
0.045205
0.0318
0.025207
0.044292
0.12609
0.13689
0.028375
0.037578
0.10344
0.50512
0.20674
0.02328
0.016582
0.016303
0.022424
0.051535
0.3437
0.37361
0.030345
0.012779
0.048319
0.14221
0.21297
0.2028
0.079943
0.011905
0.024952
0.12912
0.30936
0.06348
0.089057
0.28804
0.15867
0.10863
0.1435
0.069294
0.51827
0.21212
0.023886
0.017014
0.016728
0.023008
0.052877
0.35264
0.38334
0.046072
0.062905
0.079691
0.024718
0.010693
0.010735
0.0069115
0.023649
0.062034
0.13248
0.31742
0.065133
0.091375
0.29553
0.1628
0.11146
0.14723
0.071098
0.0087513
0.010664
0.023955
0.1078
0.294
0.098187
0.014466
0.016492
0.0084238
0
0
0.010121
0.016922
0.78066
0.14388
0.0068751
0.00082983
0
0
0
0.0092088
0.13638
0.532
0.15188
0.053469
0.00055997
0.00076777
0.0315
0.020429
0.015479
0.017257
0.014647
0.0068509
0.027575
0.016153
0.036656
0.010204
0.018497
0.0067941
0.0051121
0.044575
0.10244
0.1301
0.080425
0.028721
0
0
0.00769
0.11389
0.44427
0.12684
0.044651
0.00046762
0.00064114
0.0092925
0.0071107
0.035779
0.22891
0.51144
0.082154
0.014352
0.0025725
0.0020479
0.0085209
0.015446
0.0056736
0.004269
0.037224
0.085542
0.10865
0.067161
0.023984
0.0022175
0
0.045505
0.35484
0.39424
0.2841
0.22507
0.091289
0.0097603
0.0082487
0.0063119
0.03176
0.2032
0.45399
0.072926
0.01274
0.0022835
0.0018179
0.0081961
0.0059261
0.0061269
0.037866
0.53049
0.13264
0.021995
0.010084
0.01535
0.0019684
0
0.040393
0.31498
0.34995
0.25219
0.19979
0.081035
0.008664
0.005539
0.058851
0.22357
0.19464
0.13255
0.045415
0.01037
0.0042481
0
0.0083078
0.0060068
0.0062103
0.038382
0.53772
0.13445
0.022294
0.010222
0.015559
0.0083231
0.0013602
0.00013478
0.13844
0.67939
0.045662
0.013939
0.005445
0.023127
0.0056145
0.059653
0.22661
0.19729
0.13435
0.046033
0.010511
0.0043059
0
0.0015697
0.010703
0.011122
0.052838
0.2881
0.079846
0.0084642
0.0051652
0.00059969
0.0064824
0.0010594
0.00010498
0.10782
0.52914
0.035563
0.010857
0.0042408
0.018012
0.016488
0.029426
0.039771
0.22341
0.71829
0.21888
0.033996
0.040199
0.039668
0.0012225
0.0083358
0.008662
0.041152
0.22439
0.062188
0.0065923
0.0040229
0.00046706
0.0035833
0.0035016
0.0105
0.040428
0.16205
0.039732
0.0055467
0.0039585
0.0049841
0.013332
0.023794
0.03216
0.18065
0.58082
0.17699
0.027489
0.032505
0.032076
0.0084893
0.011517
0.022948
0.1686
0.64724
0.27796
0.023394
0.013865
0.0087401
0.0028975
0.0028314
0.0084901
0.03269
0.13103
0.032128
0.0044851
0.0032009
0.0040302
0.10954
0.081305
0.083041
0.070878
0.06843
0.035979
0.05033
0.076665
0.059974
0.0063723
0.0086452
0.017226
0.12655
0.48584
0.20864
0.01756
0.010408
0.0065606
0.0040808
0.0087265
0.022997
0.11342
0.38684
0.12745
0.012373
0.0044181
0
0.082223
0.06103
0.062333
0.053204
0.051366
0.027007
0.037779
0.057548
0.045019
0.028799
0.072361
0.057525
0.12948
0.52468
0.42877
0.095551
0.04749
0
0.0043995
0.0094082
0.024794
0.12228
0.41705
0.13741
0.013339
0.0047633
0
0.13148
0.067859
0.057614
0.19986
0.22401
0.086779
0.039855
0.13355
0.0848
0.031049
0.078014
0.062018
0.13959
0.56566
0.46227
0.10301
0.0512
0
0.10133
0.055978
0.043471
0.071006
0.090774
0.049801
0.012779
0.067898
0.16947
0.1959
0.10111
0.085843
0.29779
0.33377
0.1293
0.059382
0.19898
0.12635
0.036814
0.015503
0.058619
0.17253
0.25836
0.24603
0.096984
0.014443
0.030271
0.15098
0.083405
0.064771
0.1058
0.13525
0.074202
0.01904
0.10117
0.25251
0.0034464
0.025128
0.015427
0.068736
0.57746
0.11076
0.025671
0.015105
0.005248
0.03174
0.013366
0.050541
0.14875
0.22276
0.21212
0.083619
0.012452
0.0261
0.13505
0.32359
0.066399
0.093152
0.30128
0.16596
0.11363
0.1501
0.07248
0.0029715
0.021665
0.013301
0.059263
0.49788
0.095495
0.022133
0.013024
0.0045248
0
0.0015631
0.0025761
0.0803
0.54916
0.082069
0.0024551
0.0049961
0.00028045
0.1364
0.32681
0.06706
0.094079
0.30428
0.16762
0.11476
0.15159
0.073202
0.0090102
0.01098
0.024664
0.11099
0.3027
0.10109
0.014894
0.01698
0.0086731
0
0.0015786
0.0026017
0.081099
0.55462
0.082886
0.0024796
0.0050458
0.00028325
0.0028243
0
0.00085688
0.019867
0.50787
0.06329
0.0076318
0.0017833
0.00047414