0.0059219
0.072137
0.50485
0.41102
0.31016
0.070446
0.01731
0.019004
0.008849
0.062781
0.090875
0.13397
0.23481
0.1386
0.04592
0.019761
0.044321
0.049881
0.04781
0.15185
0.26644
0.18029
0.14012
0.0022963
0.011901
0.019121
0.064992
0.09823
0.07687
0.26101
0.23893
0.19658
0.057273
0.067735
0.095371
0.089533
0.10198
0.14762
0.21762
0.38143
0.22514
0.074594
0.0321
0.071996
0.081028
0.091633
0.057822
0.052837
0.041795
0.051168
0.048616
0.051153
0.049612
0.064806
0.15957
0.12487
0.424
0.38812
0.31934
0.093036
0.11003
0.15492
0.14544
0.15175
0.12012
0.11342
0.060258
0.1693
0.1549
0.098906
0.047014
0.13203
0.17889
0.11288
0.10315
0.081595
0.099893
0.09491
0.099864
0.096855
0.12652
0.20651
0.11242
0.10223
0.055288
0.097818
0.084848
0.1265
0.06953
0.15012
0.29626
0.2345
0.22142
0.11764
0.33052
0.3024
0.19309
0.091784
0.25775
0.16487
0.12483
0.18831
0.25223
0.18963
0.1664
0.04745
0.091013
0.1421
0.27623
0.15037
0.13675
0.073955
0.13084
0.1135
0.16922
0.093006
0.2008
0.12915
0.12894
0.10412
0.035903
0.063266
0.10901
0.2042
0.15501
0.080685
0.22054
0.16698
0.2519
0.33739
0.25365
0.22258
0.06347
0.12174
0.19007
0.15484
0.19761
0.11285
0.16239
0.15724
0.14268
0.050852
0.085403
0.23662
0.16362
0.16335
0.13191
0.045486
0.080151
0.13811
0.2587
0.19639
0.10222
0.068213
0.090845
0.14602
0.19056
0.15086
0.16006
0.068802
0.065112
0.067125
0.19617
0.25034
0.14297
0.20573
0.19921
0.18076
0.064424
0.1082
0.29978
0.21004
0.1823
0.15206
0.16641
0.098969
0.18157
0.13148
0.24528
0.25071
0.052656
0.070127
0.11272
0.1471
0.11646
0.12356
0.053111
0.050262
0.051816
0.090863
0.24007
0.27915
0.37983
0.38812
0.22465
0.078174
0.05132
0.02549
0.16214
0.14072
0.11738
0.12846
0.076397
0.14016
0.10149
0.18934
0.19353
0.089184
0.15082
0.13291
0.27798
0.13915
0.063941
0.14069
0.24417
0.092536
0.076514
0.20215
0.23506
0.31985
0.32683
0.18917
0.065828
0.043215
0.021465
0.060265
0.20709
0.22385
0.24451
0.05772
0.0058367
0.019512
0.044553
0.076844
0.0751
0.127
0.11192
0.23408
0.11718
0.053843
0.11847
0.20561
0.077923
0.043014
0.089961
0.16541
0.19111
0.28076
0.22231
0.19894
0.24569
0.091081
0.071817
0.24678
0.26676
0.29137
0.068784
0.0069555
0.023253
0.053094
0.091574
0.051976
0.086587
0.24223
0.18794
0.17165
0.1489
0.045634
0.050464
0.033049
0.05126
0.10721
0.19712
0.22775
0.33458
0.26492
0.23707
0.29278
0.10854
0.19414
0.16484
0.11982
0.21528
0.13064
0.084973
0.037263
0.071252
0.052968
0.055536
0.092517
0.25882
0.20081
0.18341
0.15909
0.048758
0.05392
0.035312
0.058229
0.10225
0.2743
0.2854
0.13865
0.062452
0.048179
0.042393
0.066307
0.20743
0.17612
0.12803
0.23002
0.13958
0.090792
0.039814
0.076131
0.056595
0.22866
0.18851
0.18247
0.28447
0.2596
0.14716
0.12326
0.24045
0.26006
0.059467
0.10442
0.28014
0.29146
0.14159
0.06378
0.049204
0.043294
0.067718
0.037384
0.12426
0.24623
0.19753
0.27541
0.13493
0.041433
0.038019
0.025063
0.23353
0.19252
0.18635
0.29052
0.26512
0.15029
0.12588
0.24556
0.26559
0.06942
0.14518
0.12804
0.10773
0.11852
0.082256
0.10033
0.17663
0.092405
0.048584
0.16149
0.32
0.25671
0.35792
0.17536
0.053846
0.049409
0.032572
0.06658
0.11654
0.11533
0.12225
0.23189
0.17562
0.081131
0.039549
0.04331
0.090217
0.18868
0.1664
0.14
0.15403
0.1069
0.13039
0.22955
0.12009
0.15202
0.14787
0.088447
0.22452
0.26692
0.15102
0.14837
0.16948
0.19699
0.072304
0.22965
0.40294
0.27265
0.2119
0.0034727
0.017998
0.028918
0.09829
0.14856
0.11625
0.39474
0.36134
0.2973
0.086616
0.10244
0.14423
0.1354
0.044401
0.066998
0.098254
0.14439
0.12859
0.12252
0.092335
0.067444
0.042711
0.08813
0.12927
0.1427
0.062218
0.15565
0.12688
0.086557
0.026479
0.0383
0.17137
0.13411
0.45536
0.41683
0.34296
0.099919
0.11817
0.16638
0.1562
0.16298
0.129
0.12181
0.064716
0.18183
0.16636
0.10622
0.050492
0.14179
0.10167
0.14913
0.16462
0.071774
0.17955
0.14636
0.099851
0.030545
0.044182
0.10442
0.14547
0.1498
0.10562
0.051791
0.070416
0.10416
0.063533
0.038261
0.23823
0.18857
0.17805
0.094597
0.26578
0.24317
0.15527
0.073806
0.20726
0.13258
0.10038
0.15143
0.20282
0.15249
0.13381
0.038156
0.073187
0.11427
0.15263
0.21264
0.21896
0.15439
0.075704
0.10293
0.15225
0.092868
0.055928
0.10323
0.10435
0.16364
0.25666
0.16522
0.23017
0.22161
0.15248
0.23157
0.15071
0.11411
0.17214
0.23056
0.17334
0.1521
0.043373
0.083194
0.12989
0.10582
0.13504
0.077119
0.11097
0.10745
0.097502
0.034751
0.058362
0.1617
0.11734
0.11862
0.18601
0.29176
0.18782
0.26165
0.25191
0.17333
0.26323
0.27059
0.18712
0.044199
0.074673
0.28679
0.21021
0.089059
0.069532
0.18454
0.12247
0.1563
0.08926
0.12844
0.12437
0.11285
0.040222
0.06755
0.18716
0.13113
0.11381
0.094938
0.1039
0.061789
0.11336
0.082086
0.15313
0.15653
0.31319
0.21657
0.051157
0.086429
0.33194
0.2433
0.10308
0.080479
0.21359
0.31347
0.32265
0.14613
0.13504
0.1735
0.10259
0.049389
0.15338
0.22281
0.12677
0.11003
0.09178
0.10044
0.059733
0.10959
0.079356
0.14804
0.15132
0.069731
0.11792
0.10392
0.21735
0.1088
0.049994
0.11
0.19091
0.072352
0.30305
0.31191
0.14127
0.13055
0.16773
0.099182
0.047746
0.14828
0.2154
0.068234
0.037922
0.08262
0.15443
0.089098
0.27402
0.4157
0.29808
0.15963
0.073002
0.12346
0.10879
0.22754
0.1139
0.052339
0.11516
0.19987
0.075747
0.041813
0.087448
0.16079
0.18577
0.27292
0.2161
0.19338
0.23882
0.088537
0.071435
0.039701
0.086496
0.16167
0.093278
0.28687
0.43521
0.31206
0.16712
0.025245
0.086907
0.18818
0.13812
0.096871
0.13425
0.065181
0.084889
0.0197
0.053794
0.11251
0.20686
0.239
0.35112
0.27802
0.24879
0.30726
0.11391
0.20374
0.17299
0.12575
0.22592
0.1371
0.089174
0.039105
0.074774
0.055586
0.032479
0.11181
0.2421
0.1777
0.12463
0.17272
0.083858
0.10921
0.025345
0.010548
0.061968
0.12967
0.24527
0.18523
0.18541
0.14167
0.032055
0.0031685
0.19831
0.16838
0.1224
0.2199
0.13344
0.086798
0.038063
0.072782
0.054105
0.2186
0.18022
0.17444
0.27195
0.24818
0.14069
0.11783
0.22987
0.24862
0.010267
0.060317
0.12622
0.23874
0.18029
0.18047
0.13789
0.031201
0.0030841
0.075728
0.13023
0.20401
0.28296
0.3084
0.10907
0.068559
0.085676
0.11925
0.22881
0.18863
0.18258
0.28465
0.25976
0.14725
0.12334
0.2406
0.26023
0.068018
0.14225
0.12545
0.10555
0.11613
0.080595
0.098309
0.17306
0.090539
0.079263
0.13631
0.21353
0.29617
0.3228
0.11416
0.071759
0.089676
0.12482
0.035662
0.030594
0.1441
0.23469
0.18318
0.080641
0.053089
0.098445
0.1157
0.081735
0.17094
0.15075
0.12684
0.13955
0.096848
0.11813
0.20797
0.1088
0.13773
0.13397
0.080131
0.20341
0.24182
0.13682
0.13442
0.15354
0.17847
0.042854
0.036764
0.17316
0.28201
0.22012
0.096904
0.063796
0.1183
0.13904
0.11739
0.18657
0.12715
0.21556
0.4641
0.16909
0.095406
0.13547
0.037136
0.088165
0.13304
0.1951
0.28671
0.25534
0.24329
0.18335
0.13392
0.084809
0.175
0.25669
0.28336
0.12354
0.30906
0.25194
0.17187
0.052578
0.076051
0.072929
0.056971
0.11006
0.091036
0.16453
0.096474
0.063062
0.04645
0.10499
0.18588
0.22544
0.062757
0.07062
0.072194
0.14918
0.15324
0.18879
0.13633
0.16383
0.24031
0.26528
0.11566
0.28934
0.23586
0.16091
0.049223
0.071199
0.16827
0.23442
0.24139
0.1702
0.08346
0.11347
0.16785
0.10238
0.061657
0.17402
0.21105
0.058753
0.066114
0.067588
0.13966
0.14346
0.17674
0.12763
0.27925
0.17041
0.21086
0.1259
0.10333
0.0090157
0.037916
0.17057
0.20656
0.15683
0.21849
0.22499
0.15863
0.077787
0.10576
0.15644
0.095424
0.057467
0.10607
0.10722
0.16814
0.26372
0.16977
0.23651
0.22771
0.15668
0.23794
0.26027
0.15883
0.19653
0.11734
0.096311
0.008403
0.035338
0.15898
0.19252
0.070882
0.14115
0.19866
0.19495
0.19044
0.1859
0.25562
0.039188
0.031817
0.10276
0.10388
0.16289
0.25549
0.16447
0.22912
0.2206
0.15179
0.23051
0.23695
0.16386
0.038705
0.065391
0.25114
0.18408
0.077989
0.060889
0.1616
0.06867
0.13675
0.19245
0.18887
0.18449
0.1801
0.24764
0.037965
0.030824
0.055998
0.19944
0.13752
0.033175
0.026732
0.069561
0.2229
0.32275
0.11035
0.22855
0.15804
0.037332
0.063072
0.24224
0.17755
0.075223
0.058729
0.15587
0.22876
0.23545
0.10664
0.098547
0.12661
0.074868
0.036042
0.11193
0.1626
0.054013
0.19237
0.13265
0.031998
0.025784
0.067094
0.215
0.3113
0.10643
0.12416
0.15468
0.2249
0.20265
0.21666
0.32575
0.24671
0.17725
0.092506
0.21738
0.22374
0.10133
0.093645
0.12031
0.071143
0.034249
0.10636
0.15451
0.048944
0.027202
0.059264
0.11077
0.063911
0.19655
0.29819
0.21381
0.11451
0.11799
0.14699
0.21371
0.19256
0.20588
0.30955
0.23444
0.16843
0.087904
0.23008
0.089504
0.053294
0.046556
0.024103
0.1519
0.28427
0.26491
0.17389
0.061864
0.034382
0.074908
0.14001
0.080781
0.24844
0.3769
0.27025
0.14473
0.021863
0.075263
0.16297
0.11961
0.083893
0.11626
0.056448
0.073516
0.017061
0.29081
0.11313
0.067362
0.058846
0.030466
0.192
0.35931
0.33484
0.21979
0.094352
0.14284
0.15976
0.10111
0.11428
0.11025
0.19291
0.12279
0.11746
0.033635
0.11579
0.25073
0.18402
0.12907
0.17887
0.086845
0.1131
0.026248
0.010924
0.064175
0.13429
0.25401
0.19182
0.19201
0.14671
0.033197
0.0032813
0.14516
0.21976
0.24578
0.15556
0.17581
0.16961
0.29679
0.1889
0.18072
0.088869
0.19768
0.22855
0.1715
0.2648
0.14096
0.11803
0.12662
0.13157
0.010332
0.0607
0.12702
0.24025
0.18144
0.18162
0.13877
0.031399
0.0031036
0.076209
0.13105
0.2053
0.28476
0.31036
0.10976
0.068994
0.08622
0.12001
0.084057
0.18698
0.21617
0.16221
0.25046
0.13333
0.11164
0.11977
0.12445
0.083401
0.12798
0.25396
0.1356
0.2855
0.25617
0.18071
0.16657
0.058185
0.072448
0.12459
0.19517
0.2707
0.29504
0.10435
0.065589
0.081965
0.11409
0.032595
0.027964
0.13171
0.21451
0.16743
0.073707
0.048524
0.08998
0.10575
0.079285
0.12166
0.24142
0.12891
0.27141
0.24353
0.1718
0.15835
0.055313
0.080462
0.18423
0.35847
0.12379
0.087672
0.21218
0.17759
0.20128
0.17313
0.0211
0.018102
0.085262
0.13886
0.10838
0.047714
0.031412
0.058248
0.068459
0.057803
0.091863
0.062607
0.10614
0.22851
0.083259
0.046976
0.066701
0.018285
0.052087
0.11926
0.23205
0.080134
0.056754
0.13735
0.11496
0.1303
0.11208
0.028136
0.020957
0.35598
0.50609
0.56306
0.091046
0.05144
0.041819
0.025159
0.096501
0.075385
0.14564
0.12046
0.21771
0.12766
0.083445
0.061463
0.13893
0.24596
0.2983
0.083041
0.093445
0.095528
0.1974
0.20277
0.2498
0.18039
0.28988
0.16084
0.1138
0.089841
0.10323
0.091594
0.14081
0.18848
0.2187
0.15275
0.081813
0.14435
0.25948
0.17395
0.19615
0.10992
0.17709
0.15089
0.18282
0.22172
0.061723
0.069456
0.071005
0.14672
0.15072
0.18568
0.13408
0.29336
0.17903
0.22152
0.13227
0.10856
0.0094715
0.039832
0.17919
0.217
0.11354
0.06081
0.10729
0.19287
0.12929
0.14579
0.081704
0.13163
0.11216
0.34429
0.14979
0.091446
0.22364
0.19424
0.21701
0.19416
0.10707
0.23774
0.27168
0.1658
0.20515
0.12249
0.10053
0.0087714
0.036888
0.16595
0.20096
0.07399
0.14734
0.20737
0.2035
0.19879
0.19405
0.26683
0.040906
0.033212
0.31884
0.13871
0.084686
0.20711
0.17988
0.20097
0.17981
0.099159
0.22016
0.1862
0.19913
0.096413
0.11143
0.21921
0.13187
0.045301
0.020362
0.03344
0.06951
0.13842
0.19481
0.19118
0.18675
0.1823
0.25067
0.03843
0.031202
0.056684
0.20188
0.13921
0.033581
0.027059
0.070413
0.22563
0.3267
0.1117
0.17493
0.18707
0.090575
0.10469
0.20593
0.12389
0.042558
0.01913
0.031415
0.18029
0.17783
0.040434
0.030546
0.062885
0.26386
0.22285
0.31331
0.30668
0.045416
0.16175
0.11153
0.026905
0.02168
0.056415
0.18078
0.26176
0.089492
0.1044
0.13006
0.1891
0.17039
0.18218
0.2739
0.20744
0.14904
0.077782
0.14445
0.14248
0.032396
0.024474
0.050384
0.2114
0.17855
0.25102
0.24571
0.018183
0.089729
0.21293
0.3256
0.30891
0.25892
0.072772
0.02062
0.020155
0.078274
0.097512
0.14178
0.12775
0.13658
0.20536
0.15553
0.11174
0.058316
0.15264
0.059378
0.035356
0.030886
0.01599
0.10077
0.18859
0.17575
0.11536
0.013633
0.067274
0.15964
0.24412
0.2316
0.19412
0.05456
0.01546
0.015111
0.56905
0.067395
0.089809
0.078731
0.18328
0.098403
0.064344
0.17636
0.3495
0.17734
0.06899
0.041078
0.035885
0.018579
0.11709
0.21911
0.20419
0.13403
0.057538
0.087109
0.097422
0.06166
0.069688
0.06723
0.11764
0.074877
0.071632
0.66115
0.078304
0.10435
0.091474
0.21294
0.11433
0.074759
0.20491
0.40607
0.054465
0.047621
0.048318
0.098273
0.076211
0.1304
0.062014
0.052683
0.029803
0.125
0.18924
0.21164
0.13395
0.15139
0.14605
0.25557
0.16266
0.15561
0.076525
0.17022
0.1968
0.14768
0.22802
0.12138
0.10163
0.10904
0.1133
0.11832
0.10345
0.10497
0.21349
0.16556
0.28328
0.13472
0.11445
0.064744
0.12392
0.22758
0.3588
0.10271
0.058113
0.16461
0.16604
0.16373
0.11296
0.063975
0.1423
0.16453
0.12346
0.19062
0.10147
0.084964
0.091153
0.094714
0.063475
0.097404
0.19328
0.1032
0.21729
0.19497
0.13754
0.12677
0.044284
0.10359
0.19026
0.29996
0.085867
0.048582
0.13761
0.13881
0.13688
0.094433
0.17317
0.2866
0.36179
0.28094
0.14205
0.20167
0.15648
0.14194
0.19643
0.056797
0.087157
0.17295
0.092345
0.19443
0.17445
0.12307
0.11344
0.039625
0.057641
0.13198
0.25679
0.088679
0.062806
0.152
0.12722
0.14419
0.12403
0.15495
0.25645
0.32373
0.25138
0.12711
0.18046
0.14002
0.12701
0.17577
0.21697
0.14123
0.30459
0.19028
0.096135
0.12887
0.16561
0.13231
0.19762
0.036867
0.084413
0.16425
0.05672
0.040171
0.097218
0.081372
0.092227
0.079328
0.019915
0.014833
0.25197
0.35821
0.39854
0.064443
0.03641
0.0296
0.017808
0.13877
0.09033
0.19482
0.1217
0.061489
0.082423
0.10593
0.084626
0.1264
0.20581
0.15461
0.29262
0.23396
0.4082
0.14152
0.057035
0.14934
0.16418
0.30154
0.16731
0.11837
0.093454
0.10738
0.095277
0.14647
0.19606
0.22749
0.15889
0.085104
0.15016
0.26992
0.18094
0.20404
0.11434
0.18422
0.15696
0.19023
0.18863
0.063858
0.067271
0.13513
0.18732
0.1114
0.1437
0.22038
0.10729
0.076004
0.16991
0.18787
0.25751
0.2255
0.16065
0.092254
0.062359
0.11841
0.06342
0.1119
0.20114
0.13484
0.15205
0.08521
0.13728
0.11697
0.35906
0.15621
0.09537
0.23324
0.20257
0.22632
0.20249
0.11167
0.24794
0.079954
0.056639
0.12662
0.14
0.1919
0.16805
0.11972
0.068749
0.04647
0.26763
0.15435
0.14831
0.23571
0.18194
0.1646
0.091508
0.14134
0.17548
0.31216
0.13581
0.082913
0.20278
0.17611
0.19676
0.17604
0.097083
0.21555
0.1823
0.19496
0.094394
0.1091
0.21462
0.12911
0.044353
0.019936
0.03274
0.23267
0.13419
0.12893
0.20493
0.15817
0.1431
0.079556
0.12288
0.15256
0.046238
0.074091
0.17695
0.15922
0.33835
0.27907
0.14273
0.05918
0.14072
0.15217
0.16273
0.078792
0.091067
0.17914
0.10777
0.037022
0.016641
0.027328
0.15684
0.15469
0.035173
0.026572
0.054704
0.22953
0.19386
0.27255
0.26678
0.038595
0.061845
0.1477
0.1329
0.28243
0.23294
0.11914
0.049398
0.11746
0.40789
0.22179
0.22573
0.21142
0.18739
0.14719
0.091313
0.055789
0.10899
0.11817
0.11655
0.0265
0.02002
0.041215
0.17293
0.14606
0.20534
0.201
0.014874
0.0734
0.17418
0.26635
0.25269
0.2118
0.059529
0.016867
0.016487
0.30731
0.1671
0.17007
0.15929
0.14118
0.1109
0.068797
0.042032
0.082118
0.05665
0.063594
0.12959
0.26144
0.32468
0.41602
0.10309
0.097699
0.05444
0.012092
0.05967
0.1416
0.21652
0.20542
0.17218
0.048394
0.013712
0.013403
0.50473
0.059778
0.079658
0.069832
0.16256
0.087281
0.057071
0.15643
0.30999
0.046053
0.051698
0.10535
0.21253
0.26394
0.33819
0.083804
0.079423
0.044256
0.21042
0.057745
0.12732
0.073517
0.032878
0.055807
0.026519
0.19645
0.233
0.60914
0.072143
0.096136
0.084277
0.19619
0.10534
0.068877
0.18879
0.37412
0.05018
0.043874
0.044516
0.090541
0.070215
0.12014
0.057134
0.048538
0.027458
0.25395
0.06969
0.15365
0.088725
0.039679
0.067351
0.032005
0.23709
0.2812
0.040058
0.043349
0.15164
0.17725
0.073784
0.070147
0.057567
0.12067
0.087924
0.087534
0.076535
0.077655
0.15794
0.12248
0.20957
0.099666
0.084671
0.047898
0.091675
0.16837
0.26545
0.075988
0.042992
0.12178
0.12284
0.12113
0.083568
0.069878
0.075619
0.26452
0.30919
0.12871
0.12237
0.10042
0.21049
0.15338
0.084626
0.11065
0.37705
0.37663
0.19012
0.10607
0.13519
0.13182
0.19667
0.081324
0.14936
0.23547
0.067408
0.038138
0.10803
0.10897
0.10745
0.074132
0.13594
0.22499
0.28401
0.22054
0.11151
0.15832
0.12284
0.11143
0.1542
0.075071
0.098159
0.33448
0.33411
0.16865
0.09409
0.11993
0.11694
0.17446
0.09247
0.14258
0.24594
0.28767
0.18891
0.14785
0.03592
0.042353
0.12056
0.13789
0.22822
0.28808
0.22371
0.11311
0.16059
0.1246
0.11303
0.15641
0.19308
0.12568
0.27106
0.16933
0.085551
0.11468
0.14738
0.11774
0.17586
0.093796
0.14462
0.24946
0.2918
0.19162
0.14997
0.036435
0.04296
0.12229
0.10423
0.10382
0.12334
0.19414
0.19236
0.1757
0.16849
0.0898
0.17036
0.15504
0.10092
0.21766
0.13597
0.068697
0.092086
0.11835
0.094547
0.14121
0.22994
0.17273
0.32693
0.26139
0.45606
0.15811
0.063721
0.16684
0.18343
0.083695
0.083366
0.099042
0.15589
0.15446
0.14109
0.1353
0.07211
0.1368
0.017531
0.0053387
0.055019
0.1176
0.18249
0.2709
0.16798
0.024565
0.025103
0.17855
0.17706
0.059939
0.063143
0.12684
0.17582
0.10456
0.13488
0.20686
0.10071
0.07134
0.15948
0.17634
0.2417
0.21166
0.15079
0.086593
0.058532
0.13314
0.11711
0.07274
0.18918
0.20686
0.11552
0.1926
0.2454
0.15826
0.091015
0.067973
0.25703
0.31423
0.21383
0.25245
0.19818
0.14432
0.0578
0.090822
0.064338
0.14383
0.15903
0.21798
0.19089
0.13599
0.078094
0.052787
0.30401
0.17533
0.16847
0.26775
0.20667
0.18697
0.10395
0.16055
0.19934
0.082082
0.061302
0.2318
0.28339
0.19284
0.22767
0.17873
0.13015
0.052127
0.080405
0.12423
0.14545
0.10895
0.13868
0.13706
0.18525
0.088857
0.18102
0.20741
0.11962
0.11494
0.18268
0.141
0.12756
0.070919
0.10954
0.136
0.041218
0.066048
0.15774
0.14194
0.30162
0.24877
0.12723
0.052756
0.12544
0.054857
0.084759
0.099235
0.07433
0.094613
0.093512
0.12639
0.060624
0.1235
0.23827
0.1874
0.10298
0.24211
0.46152
0.24659
0.10811
0.18959
0.15822
0.027274
0.043704
0.10438
0.093919
0.19958
0.16461
0.08419
0.034908
0.083003
0.28824
0.15673
0.15952
0.1494
0.13242
0.10402
0.064528
0.039424
0.077022
0.15766
0.124
0.068141
0.16021
0.30539
0.16317
0.071536
0.12545
0.1047
0.34756
0.27221
0.16136
0.19681
0.2061
0.10401
0.25175
0.23839
0.21132
0.26011
0.14143
0.14395
0.13482
0.1195
0.093866
0.05823
0.035576
0.069505
0.047949
0.053827
0.10969
0.22128
0.27481
0.35212
0.087254
0.082693
0.046078
0.31364
0.24565
0.14562
0.1776
0.18599
0.093862
0.22718
0.21513
0.1907
0.071816
0.047331
0.071972
0.096071
0.15864
0.13484
0.21427
0.20271
0.13157
0.053554
0.060119
0.12251
0.24715
0.30693
0.39328
0.097454
0.09236
0.051464
0.24469
0.067151
0.14805
0.085492
0.038233
0.064897
0.030839
0.22845
0.27095
0.080211
0.052864
0.080386
0.1073
0.17718
0.1506
0.23932
0.22641
0.14695
0.24795
0.1158
0.23336
0.23385
0.054714
0.058287
0.05409
0.035264
0.12661
0.32169
0.08828
0.19464
0.11239
0.050263
0.085317
0.040542
0.30033
0.35621
0.050744
0.054912
0.19209
0.22452
0.093465
0.088858
0.072922
0.15286
0.11138
0.32597
0.15224
0.30679
0.30743
0.071929
0.076628
0.071109
0.04636
0.16645
0.078823
0.11838
0.11393
0.094248
0.098643
0.16341
0.083648
0.078787
0.057492
0.059821
0.064736
0.22645
0.26469
0.11019
0.10475
0.085968
0.1802
0.1313
0.072446
0.094727
0.32279
0.32243
0.16275
0.090801
0.11573
0.11285
0.16837
0.092924
0.13956
0.13431
0.11111
0.11629
0.19265
0.098613
0.092881
0.067777
0.010129
0.021355
0.048564
0.14403
0.37324
0.258
0.3056
0.14349
0.059149
0.071052
0.092904
0.31657
0.31622
0.15962
0.089053
0.11351
0.11068
0.16512
0.08752
0.13495
0.23277
0.27227
0.1788
0.13994
0.033997
0.040086
0.11411
0.0099345
0.020944
0.047629
0.14126
0.36606
0.25303
0.29971
0.14073
0.05801
0.061673
0.079227
0.22676
0.20702
0.14729
0.053509
0.063706
0.030341
0.10535
0.10448
0.16111
0.27789
0.32505
0.21346
0.16706
0.040587
0.047856
0.13623
0.11611
0.11565
0.1374
0.21626
0.21428
0.19572
0.18769
0.10003
0.18977
0.073628
0.094584
0.27072
0.24715
0.17584
0.063881
0.076055
0.036222
0.12578
0.025876
0.02409
0.068809
0.27559
0.31242
0.12772
0.13069
0.072316
0.038504
0.12357
0.12308
0.14622
0.23016
0.22805
0.2083
0.19975
0.10646
0.20197
0.025882
0.0078821
0.081229
0.17362
0.26943
0.39995
0.24801
0.036268
0.037062
0.027538
0.025638
0.073231
0.2933
0.3325
0.13593
0.13909
0.076963
0.040979
0.045845
0.10182
0.065588
0.11719
0.24063
0.046359
0.070978
0.11317
0.12805
0.099711
0.08771
0.054478
0.14169
0.15492
0.086518
0.14425
0.18379
0.11852
0.068164
0.050907
0.1925
0.23534
0.16015
0.18907
0.14842
0.10808
0.043288
0.069548
0.10129
0.05509
0.080265
0.164
0.2707
0.29125
0.1856
0.21294
0.33422
0.26228
0.22929
0.13515
0.20392
0.077528
0.15374
0.12437
0.18749
0.063096
0.047122
0.17818
0.21784
0.14824
0.17501
0.13739
0.10005
0.04007
0.061807
0.095497
0.11181
0.083747
0.1066
0.10536
0.1424
0.068304
0.13915
0.30937
0.24278
0.21224
0.1251
0.18876
0.071764
0.14231
0.11513
0.17355
0.38166
0.27707
0.25225
0.14788
0.086544
0.078521
0.092562
0.12652
0.25761
0.039778
0.06146
0.071957
0.053898
0.068606
0.067807
0.091648
0.043959
0.089553
0.17277
0.13589
0.074672
0.17556
0.33466
0.17881
0.078392
0.13748
0.11473
0.24563
0.17832
0.16235
0.095175
0.055699
0.050535
0.059572
0.081425
0.16579
0.23987
0.15938
0.057583
0.027393
0.037053
0.043446
0.18156
0.37907
0.5042
0.12564
0.098821
0.054303
0.12767
0.24337
0.13003
0.057008
0.099976
0.083434
0.27697
0.21693
0.12859
0.15684
0.16425
0.08289
0.20063
0.18998
0.16841
0.17444
0.1159
0.041876
0.019921
0.026945
0.031594
0.13203
0.27567
0.36667
0.20813
0.10955
0.15431
0.063193
0.027984
0.09495
0.085802
0.23699
0.3512
0.30836
0.24152
0.14317
0.17462
0.18286
0.092284
0.22337
0.21151
0.1875
0.070609
0.046536
0.070763
0.094457
0.15597
0.13257
0.21067
0.19931
0.12936
0.23172
0.12197
0.1718
0.070356
0.031155
0.10571
0.095527
0.26385
0.391
0.14995
0.14498
0.1397
0.12335
0.034172
0.064519
0.053819
0.10814
0.12275
0.09476
0.062452
0.094966
0.12676
0.20932
0.17791
0.28273
0.26748
0.17361
0.29293
0.13681
0.27569
0.27627
0.064637
0.06886
0.0639
0.04166
0.14957
0.20123
0.19456
0.18749
0.16554
0.04586
0.086586
0.072227
0.14513
0.16474
0.4124
0.12694
0.057305
0.018337
0.0033522
0.0055856
0.0071781
0.043142
0.12371
0.37186
0.17367
0.34998
0.35071
0.082055
0.087415
0.08112
0.052886
0.18988
0.08992
0.13505
0.12997
0.10752
0.11253
0.18642
0.095424
0.089879
0.065586
0.52353
0.16114
0.072747
0.023279
0.0042556
0.0070907
0.0091124
0.054768
0.15705
0.048025
0.068353
0.10511
0.10832
0.11935
0.12334
0.084378
0.043828
0.025249
0.11325
0.17009
0.1637
0.13542
0.14173
0.2348
0.12019
0.1132
0.082606
0.012346
0.026028
0.059188
0.17554
0.4549
0.31444
0.37245
0.17489
0.072089
0.060487
0.08609
0.13238
0.13642
0.15033
0.15534
0.10627
0.055202
0.031801
0.21988
0.10104
0.21903
0.1157
0.044469
0.021159
0.075894
0.20527
0.093903
0.01081
0.02279
0.051826
0.15371
0.39832
0.27533
0.32613
0.15313
0.063123
0.067109
0.086209
0.24675
0.22527
0.16027
0.058225
0.069321
0.033015
0.11464
0.19253
0.088475
0.19179
0.10131
0.038938
0.018527
0.066455
0.17974
0.082223
0.032778
0.12858
0.26891
0.29927
0.30684
0.10055
0.082993
0.063658
0.0337
0.071252
0.091532
0.26198
0.23917
0.17016
0.06182
0.0736
0.035053
0.12172
0.02504
0.023313
0.066588
0.2667
0.30234
0.1236
0.12647
0.069982
0.037262
0.034802
0.13651
0.28552
0.31775
0.32579
0.10676
0.088117
0.067588
0.03578
0.13017
0.10046
0.10555
0.033069
0.13196
0.35406
0.23995
0.14321
0.084645
0.029926
0.027862
0.079581
0.31873
0.36133
0.14771
0.15115
0.083637
0.044532
0.04982
0.11065
0.071276
0.12736
0.2615
0.050379
0.077132
0.12298
0.13916
0.15557
0.12006
0.12614
0.039522
0.15771
0.42314
0.28676
0.17115
0.10116
0.18521
0.18044
0.12911
0.1881
0.1401
0.098814
0.11314
0.064014
0.10886
0.057371
0.083552
0.045444
0.066211
0.13528
0.2233
0.24025
0.1531
0.17565
0.2757
0.21635
0.18914
0.11148
0.16821
0.063953
0.12682
0.1026
0.15466
0.15145
0.17342
0.0707
0.088
0.16678
0.18994
0.14807
0.16444
0.067177
0.13506
0.19586
0.12373
0.076653
0.12543
0.15261
0.24998
0.37919
0.20724
0.22287
0.1749
0.1529
0.090123
0.13598
0.051699
0.10252
0.082938
0.12502
0.27495
0.1996
0.18173
0.10654
0.062347
0.056567
0.066683
0.091145
0.18558
0.10918
0.15833
0.10002
0.061965
0.1014
0.12337
0.20208
0.30653
0.16753
0.11131
0.1161
0.12178
0.040839
0.021578
0.13187
0.3814
0.33016
0.25703
0.22124
0.16061
0.14623
0.085725
0.050168
0.045517
0.053656
0.07334
0.14933
0.21605
0.14355
0.051866
0.024673
0.033373
0.039132
0.16353
0.34143
0.45414
0.089565
0.093418
0.097987
0.032861
0.017363
0.10611
0.30689
0.26566
0.20682
0.31507
0.14122
0.061035
0.092512
0.054066
0.07711
0.10465
0.11698
0.1645
0.15094
0.10029
0.036235
0.017237
0.023316
0.027339
0.11425
0.23854
0.31728
0.1801
0.094794
0.13353
0.054682
0.024215
0.082161
0.074245
0.20507
0.30389
0.22012
0.09866
0.042641
0.064632
0.037772
0.053872
0.07311
0.08173
0.11493
0.095837
0.22744
0.24815
0.33412
0.31165
0.20833
0.29247
0.15236
0.083587
0.18387
0.096779
0.13632
0.055827
0.024722
0.083881
0.0758
0.20936
0.31026
0.11898
0.11504
0.11085
0.097876
0.027115
0.051195
0.042705
0.085811
0.097405
0.097844
0.23221
0.25334
0.34112
0.31818
0.21269
0.2986
0.15555
0.085338
0.14697
0.13389
0.16079
0.091316
0.033837
0.027166
0.10433
0.15909
0.29564
0.18997
0.18367
0.17699
0.15627
0.043293
0.08174
0.068185
0.13701
0.15552
0.38931
0.11983
0.054098
0.017311
0.0031646
0.005273
0.0067763
0.040727
0.11679
0.23466
0.21377
0.25672
0.1458
0.054025
0.043374
0.16658
0.254
0.47204
0.11619
0.14141
0.11931
0.012142
0.017511
0.048496
0.05122
0.16531
0.21316
0.61198
0.18837
0.085039
0.027212
0.0049746
0.0082888
0.010652
0.064021
0.18358
0.056139
0.079902
0.12287
0.12662
0.13952
0.14418
0.098634
0.051234
0.029515
0.18264
0.22228
0.18755
0.019087
0.027526
0.076233
0.080515
0.25986
0.33508
0.15729
0.11604
0.12271
0.15148
0.14515
0.088293
0.10618
0.11024
0.10109
0.079105
0.11259
0.17313
0.17841
0.19659
0.20316
0.13898
0.072192
0.04159
0.28756
0.13214
0.28645
0.15131
0.058156
0.027672
0.099254
0.26846
0.12281
0.22164
0.16351
0.1729
0.21345
0.20452
0.12441
0.14961
0.15534
0.14244
0.07905
0.13856
0.15033
0.19179
0.20357
0.22199
0.17658
0.099167
0.12184
0.23244
0.10681
0.23154
0.1223
0.047009
0.022368
0.080228
0.217
0.099265
0.039572
0.15523
0.32465
0.3613
0.37044
0.1214
0.1002
0.076852
0.040685
0.063897
0.112
0.12151
0.15503
0.16455
0.17943
0.14273
0.080158
0.098482
0.15449
0.078359
0.25668
0.19562
0.034871
0.16477
0.11785
0.10842
0.17139
0.034916
0.13696
0.28646
0.3188
0.32686
0.10711
0.088408
0.067811
0.035898
0.1306
0.10079
0.10589
0.033178
0.13239
0.35522
0.24074
0.14368
0.084924
0.13632
0.06914
0.22649
0.17261
0.030769
0.14539
0.10398
0.095669
0.15123
0.037745
0.091346
0.24608
0.1629
0.18756
0.2599
0.14507
0.069876
0.019546
0.14382
0.11099
0.11661
0.036536
0.14579
0.39118
0.2651
0.15822
0.093519
0.17122
0.16681
0.11936
0.17389
0.12951
0.09135
0.10459
0.059178
0.10064
0.041566
0.10059
0.27098
0.17939
0.20655
0.2862
0.15975
0.076949
0.021524
0.22275
0.16879
0.17048
0.11534
0.069092
0.14767
0.14061
0.19106
0.21249
0.13685
0.1567
0.063885
0.079517
0.1507
0.17163
0.1338
0.14859
0.060701
0.12204
0.17698
0.11181
0.069264
0.11334
0.1379
0.22588
0.34264
0.18727
0.080647
0.083918
0.11091
0.047009
0.072018
0.11837
0.16107
0.16583
0.13152
0.27131
0.38877
0.28879
0.32432
0.086718
0.03742
0.019865
0.047087
0.093569
0.10093
0.14636
0.092464
0.057282
0.093731
0.11405
0.1868
0.28336
0.15487
0.1029
0.10732
0.11257
0.037752
0.019947
0.12191
0.35257
0.3052
0.2376
0.22437
0.32151
0.23883
0.26821
0.071716
0.030947
0.016429
0.038941
0.077383
0.029557
0.072353
0.039541
0.063639
0.066981
0.23594
0.28474
0.11061
0.092023
0.099543
0.10383
0.1089
0.036522
0.019297
0.11793
0.34108
0.29526
0.22986
0.35018
0.15695
0.067834
0.10282
0.060089
0.085701
0.1163
0.13002
0.18283
0.028594
0.069995
0.038253
0.061566
0.064799
0.22825
0.27546
0.10701
0.089025
0.33404
0.19194
0.16458
0.18836
0.10657
0.10784
0.10064
0.090252
0.20848
0.24226
0.10858
0.04693
0.071133
0.041571
0.059291
0.080463
0.08995
0.12649
0.10548
0.25032
0.2731
0.36772
0.343
0.22928
0.32189
0.16769
0.091994
0.2311
0.13279
0.11386
0.13031
0.073729
0.074608
0.069629
0.06244
0.14424
0.093033
0.18564
0.1423
0.14804
0.13723
0.12756
0.16913
0.039333
0.019136
0.10019
0.23778
0.25942
0.3493
0.32581
0.21779
0.30576
0.15928
0.087384
0.1505
0.1371
0.16464
0.093506
0.034648
0.027817
0.10684
0.1629
0.30273
0.088371
0.17634
0.13517
0.14062
0.13035
0.12116
0.16065
0.037362
0.018177
0.19989
0.21997
0.044393
0.051157
0.057933
0.094258
0.090123
0.062132
0.043135
0.21414
0.19508
0.23427
0.13305
0.049301
0.039582
0.15202
0.23179
0.43076
0.10603
0.12904
0.10888
0.011081
0.01598
0.044256
0.046741
0.15086
0.19452
0.28442
0.31299
0.063167
0.072792
0.082433
0.13412
0.12824
0.088408
0.061377
0.08733
0.14907
0.10612
0.13939
0.3915
0.073809
0.057373
0.033419
0.087308
0.14833
0.18053
0.15232
0.015502
0.022355
0.061913
0.06539
0.21104
0.27213
0.12774
0.094242
0.099654
0.12303
0.11788
0.071707
0.086232
0.089532
0.082099
0.12217
0.20854
0.14846
0.195
0.54769
0.10326
0.080264
0.046752
0.12214
0.064648
0.083488
0.20265
0.32006
0.16947
0.052164
0.064523
0.17739
0.16996
0.17273
0.12743
0.13475
0.16635
0.15939
0.096961
0.1166
0.12106
0.11101
0.061607
0.10798
0.11716
0.14947
0.15865
0.173
0.13762
0.077285
0.094952
0.087415
0.11289
0.27401
0.43278
0.22915
0.070535
0.087247
0.23986
0.22982
0.044372
0.15722
0.25951
0.24167
0.17566
0.12974
0.13258
0.073953
0.10377
0.066276
0.11617
0.12604
0.1608
0.17068
0.18612
0.14805
0.083143
0.10215
0.16024
0.081277
0.26624
0.20291
0.03617
0.17091
0.12223
0.11246
0.17777
0.047735
0.16913
0.27918
0.25998
0.18898
0.13957
0.14263
0.079558
0.11164
0.1186
0.12233
0.14381
0.42389
0.27988
0.11679
0.064288
0.069909
0.046412
0.14756
0.074843
0.24517
0.18684
0.033307
0.15738
0.11256
0.10356
0.1637
0.040859
0.098881
0.26637
0.17634
0.20304
0.28134
0.15703
0.07564
0.021158
0.10922
0.11265
0.13242
0.39033
0.25773
0.10755
0.059199
0.064375
0.042738
0.064677
0.12483
0.16171
0.24453
0.33293
0.13988
0.056042
0.03892
0.11867
0.0425
0.10285
0.27708
0.18342
0.21119
0.29264
0.16334
0.078679
0.022008
0.22776
0.17258
0.17432
0.11794
0.070645
0.15099
0.14377
0.19536
0.21727
0.067275
0.12984
0.16821
0.25436
0.3463
0.1455
0.058293
0.040484
0.12344
0.20431
0.15535
0.12613
0.1487
0.20198
0.11839
0.093507
0.055072
0.087112
0.090922
0.094611
0.12504
0.052998
0.081194
0.13346
0.18159
0.18696
0.14827
0.30587
0.4383
0.32559
0.36564
0.097767
0.042188
0.022396
0.053086
0.10549
0.061622
0.031793
0.045627
0.02018
0.059898
0.17643
0.18126
0.14927
0.11188
0.050136
0.093244
0.10591
0.25523
0.25384
0.14404
0.10282
0.065112
0.040523
0.28766
0.4122
0.3062
0.34387
0.091945
0.039676
0.021063
0.049925
0.09921
0.037894
0.092761
0.050695
0.08159
0.085874
0.30249
0.36505
0.14181
0.11798
0.047151
0.087692
0.099606
0.24003
0.23873
0.13546
0.096695
0.061235
0.03811
0.059306
0.014473
0.042713
0.030159
0.099621
0.15515
0.11099
0.081092
0.020004
0.031188
0.076346
0.041724
0.067152
0.070678
0.24896
0.30045
0.11671
0.097103
0.36435
0.20935
0.17952
0.20545
0.11624
0.11763
0.10978
0.098441
0.2274
0.048811
0.011912
0.035154
0.024822
0.081992
0.12769
0.09135
0.066742
0.016464
0.21726
0.38165
0.42118
0.10111
0.075127
0.052771
0.064014
0.075619
0.12503
0.27166
0.1561
0.13385
0.15319
0.086669
0.087703
0.08185
0.073398
0.16955
0.10936
0.21822
0.16727
0.17402
0.16132
0.14994
0.19881
0.046236
0.022495
0.16199
0.28456
0.31404
0.075385
0.056016
0.039347
0.04773
0.056382
0.093223
0.095793
0.38092
0.30831
0.13875
0.13417
0.164
0.093964
0.10899
0.17705
0.11705
0.23356
0.17903
0.18625
0.17265
0.16048
0.21278
0.049486
0.024076
0.26475
0.29135
0.058799
0.067758
0.076732
0.12484
0.11937
0.082293
0.057133
0.10252
0.40769
0.32997
0.1485
0.1436
0.17553
0.10057
0.11665
0.18949
0.050335
0.1291
0.12383
0.088248
0.06386
0.078843
0.10586
0.25483
0.069789
0.30762
0.33851
0.068318
0.078727
0.089155
0.14506
0.13869
0.095616
0.066382
0.094451
0.16122
0.11478
0.15075
0.42342
0.079828
0.062051
0.036144
0.094427
0.058484
0.15
0.14387
0.10253
0.074199
0.091608
0.123
0.29609
0.081088
0.11773
0.1346
0.2022
0.26303
0.19288
0.17482
0.15264
0.1359
0.12498
0.10271
0.17533
0.12482
0.16394
0.46046
0.086811
0.067479
0.039306
0.10269
0.054351
0.070191
0.17037
0.26908
0.14248
0.043855
0.054246
0.14913
0.14289
0.12802
0.14638
0.21989
0.28603
0.20975
0.19011
0.16599
0.14779
0.13591
0.11514
0.080416
0.11011
0.15854
0.13476
0.10018
0.27204
0.1413
0.088191
0.076329
0.098573
0.23926
0.37789
0.20009
0.061589
0.076181
0.20944
0.20067
0.038745
0.13728
0.2266
0.21101
0.15339
0.11328
0.11577
0.064574
0.090609
0.16169
0.11293
0.15464
0.22264
0.18926
0.14069
0.38204
0.19844
0.12385
0.083801
0.13355
0.087916
0.11939
0.12656
0.088928
0.11136
0.12452
0.070293
0.051215
0.18146
0.29953
0.27893
0.20275
0.14974
0.15303
0.085358
0.11977
0.12725
0.13125
0.15429
0.45478
0.30028
0.12531
0.068975
0.075005
0.049795
0.11077
0.17654
0.11621
0.15781
0.16729
0.11755
0.14721
0.16459
0.092917
0.06321
0.11817
0.059976
0.048942
0.072579
0.23898
0.095879
0.10714
0.1323
0.11299
0.11655
0.137
0.40383
0.26664
0.11127
0.061246
0.066601
0.044215
0.066913
0.12914
0.1673
0.25299
0.34444
0.14472
0.057979
0.040266
0.12278
0.056127
0.10493
0.053256
0.043458
0.064447
0.2122
0.085136
0.095137
0.11748
0.27893
0.19515
0.056873
0.099848
0.25835
0.18196
0.19839
0.13683
0.20053
0.069418
0.13398
0.17356
0.26246
0.35733
0.15013
0.06015
0.041773
0.12737
0.21082
0.1603
0.13014
0.15343
0.20841
0.12216
0.096485
0.056826
0.089887
0.28937
0.20245
0.059002
0.10359
0.26802
0.18877
0.20582
0.14195
0.20804
0.17719
0.082941
0.10019
0.11584
0.1502
0.17451
0.10781
0.1057
0.16454
0.076892
0.039671
0.056933
0.02518
0.074741
0.22015
0.22617
0.18626
0.1396
0.06256
0.11635
0.13216
0.31847
0.31675
0.17973
0.1283
0.081246
0.050564
0.20397
0.084036
0.12899
0.12944
0.07262
0.068154
0.064735
0.15467
0.19646
0.34094
0.31835
0.25855
0.067915
0.13669
0.11117
0.049407
0.11173
0.20238
0.063724
0.11851
0.13462
0.3244
0.32264
0.18308
0.13068
0.082758
0.051505
0.080151
0.01956
0.057726
0.04076
0.13464
0.20968
0.15
0.10959
0.027035
0.34728
0.32428
0.26336
0.069179
0.13923
0.11324
0.050326
0.11381
0.20614
0.084193
0.078502
0.093248
0.16391
0.25155
0.21893
0.13811
0.076278
0.101
0.063937
0.015603
0.046048
0.032514
0.1074
0.16726
0.11966
0.087424
0.021566
0.28459
0.49992
0.5517
0.13244
0.098408
0.069125
0.083851
0.099052
0.16378
0.067161
0.062621
0.074384
0.13075
0.20066
0.17464
0.11017
0.060847
0.080569
0.12048
0.17268
0.16898
0.11632
0.055147
0.038089
0.017139
0.028135
0.058743
0.19865
0.34895
0.3851
0.092444
0.068691
0.04825
0.05853
0.069141
0.11432
0.11747
0.46712
0.37807
0.17015
0.16454
0.20111
0.11523
0.13366
0.21712
0.084095
0.12053
0.11795
0.081196
0.038494
0.026587
0.011964
0.019639
0.041004
0.072387
0.08497
0.074401
0.085795
0.081264
0.071227
0.092248
0.061463
0.08993
0.1295
0.51497
0.4168
0.18758
0.18139
0.22171
0.12703
0.14735
0.23936
0.06358
0.16307
0.15641
0.11147
0.080664
0.09959
0.13372
0.32189
0.088154
0.079802
0.093674
0.082023
0.094584
0.089589
0.078524
0.1017
0.06776
0.099142
0.043965
0.034485
0.10014
0.039792
0.083822
0.052278
0.093749
0.11542
0.048298
0.072951
0.1871
0.17946
0.1279
0.092553
0.11427
0.15343
0.36933
0.10115
0.14685
0.1679
0.25222
0.32809
0.24059
0.21806
0.19039
0.16952
0.1559
0.050445
0.039568
0.1149
0.045656
0.096177
0.059983
0.10757
0.13243
0.055417
0.11449
0.17813
0.15703
0.03586
0.030515
0.026042
0.12769
0.2852
0.26288
0.14171
0.16203
0.2434
0.31661
0.23218
0.21043
0.18373
0.16359
0.15044
0.12745
0.089013
0.12188
0.17549
0.14917
0.11089
0.30113
0.15641
0.097619
0.11048
0.1719
0.15154
0.034606
0.029448
0.025131
0.12322
0.27523
0.25368
0.20496
0.11088
0.226
0.16319
0.090602
0.063802
0.060848
0.053244
0.10136
0.17916
0.12513
0.17134
0.24669
0.2097
0.15589
0.42331
0.21987
0.13723
0.092852
0.14798
0.097413
0.13228
0.14023
0.098534
0.12339
0.13797
0.077885
0.28813
0.15587
0.3177
0.2294
0.12737
0.089691
0.085538
0.074849
0.14249
0.061872
0.039111
0.049982
0.053001
0.06047
0.092249
0.19693
0.15887
0.12233
0.14652
0.2335
0.15371
0.20874
0.22128
0.15548
0.19471
0.21771
0.1229
0.083606
0.1563
0.079329
0.064734
0.095999
0.3161
0.12682
0.14171
0.175
0.097632
0.061716
0.078869
0.083634
0.095419
0.14557
0.31075
0.25069
0.19303
0.094946
0.19234
0.22451
0.19599
0.18143
0.066162
0.04523
0.17433
0.08573
0.065846
0.1231
0.062478
0.050983
0.075607
0.24895
0.099879
0.11161
0.13782
0.32723
0.22894
0.066722
0.11714
0.30308
0.21347
0.23274
0.16052
0.23526
0.074777
0.15148
0.17682
0.15436
0.14289
0.052107
0.035622
0.1373
0.067519
0.1411
0.086532
0.22697
0.30333
0.23332
0.12364
0.10438
0.1376
0.1122
0.31324
0.21915
0.063869
0.11213
0.29012
0.20434
0.22279
0.15366
0.2252
0.1918
0.089782
0.10845
0.1254
0.16259
0.1889
0.1167
0.11442
0.17811
0.13507
0.082832
0.21727
0.29036
0.22335
0.11835
0.099917
0.13172
0.10741
0.19352
0.17278
0.12481
0.08167
0.083715
0.062645
0.10319
0.073494
0.13604
0.19426
0.080035
0.12285
0.12328
0.069163
0.064909
0.061653
0.14731
0.1871
0.32471
0.3032
0.24624
0.064682
0.13018
0.10588
0.047055
0.10641
0.19274
0.21423
0.24152
0.20703
0.19176
0.026125
0.084974
0.15964
0.16278
0.16849
0.093366
0.19238
0.27275
0.15711
0.088756
0.090817
0.12581
0.1691
0.19376
0.32093
0.29967
0.24338
0.063929
0.12867
0.10465
0.046507
0.10517
0.1905
0.077804
0.072545
0.086171
0.15147
0.23246
0.20231
0.12763
0.070489
0.093337
0.092279
0.19014
0.26957
0.15528
0.087723
0.08976
0.12435
0.16713
0.19151
0.057707
0.18042
0.21731
0.29847
0.20098
0.19864
0.070813
0.039401
0.066063
0.098617
0.091951
0.10922
0.19199
0.29465
0.25643
0.16177
0.089346
0.1183
0.1769
0.25356
0.24813
0.1708
0.080977
0.055929
0.025167
0.041312
0.086256
0.073144
0.22868
0.27544
0.37831
0.25474
0.25178
0.089755
0.049941
0.083735
0.082079
0.069757
0.1082
0.16955
0.13239
0.08362
0.089278
0.073886
0.11843
0.18729
0.26845
0.2627
0.18084
0.085733
0.059214
0.026645
0.043739
0.091323
0.16122
0.18924
0.1657
0.19108
0.18099
0.15864
0.20545
0.13689
0.20029
0.0869
0.073855
0.11456
0.17951
0.14017
0.088532
0.094522
0.078225
0.12539
0.41338
0.18472
0.093341
0.18203
0.12611
0.093392
0.092167
0.079637
0.28572
0.14325
0.16815
0.14724
0.16979
0.16082
0.14096
0.18255
0.12163
0.17797
0.078921
0.061903
0.17977
0.071429
0.15047
0.093843
0.16829
0.20719
0.086699
0.36731
0.16413
0.082938
0.16174
0.11206
0.082984
0.081896
0.070762
0.25388
0.18945
0.082134
0.20397
0.22854
0.19288
0.12101
0.078407
0.098338
0.35048
0.050046
0.039255
0.114
0.045295
0.095417
0.059509
0.10672
0.13138
0.054978
0.11358
0.17672
0.15579
0.035577
0.030274
0.025837
0.12668
0.28295
0.2608
0.12014
0.052084
0.12934
0.14493
0.12231
0.076735
0.04972
0.06236
0.22225
0.28568
0.26245
0.078471
0.092859
0.095534
0.096433
0.036267
0.2325
0.57503
0.10426
0.16222
0.143
0.032657
0.027789
0.023716
0.11628
0.25973
0.2394
0.19342
0.10463
0.21327
0.154
0.085499
0.060209
0.057421
0.050245
0.095649
0.26224
0.24091
0.072031
0.085238
0.087693
0.088519
0.03329
0.21342
0.52783
0.30265
0.2096
0.081515
0.053914
0.028807
0.030183
0.055609
0.076758
0.14952
0.28934
0.15652
0.31904
0.23037
0.1279
0.090069
0.085898
0.075163
0.14308
0.062133
0.039276
0.050192
0.053224
0.060724
0.092637
0.19776
0.15954
0.12285
0.45275
0.31354
0.12194
0.080652
0.043093
0.045151
0.083188
0.11482
0.22368
0.15612
0.19939
0.23256
0.16999
0.075277
0.06883
0.062955
0.075633
0.10189
0.090112
0.056963
0.072794
0.077192
0.08807
0.13435
0.28682
0.23138
0.17817
0.087633
0.17752
0.20721
0.1809
0.16746
0.061066
0.041746
0.16091
0.079127
0.22642
0.28918
0.33729
0.24654
0.10917
0.099825
0.091305
0.10969
0.14777
0.20029
0.29765
0.16663
0.10033
0.057034
0.028605
0.088916
0.13215
0.18436
0.084389
0.17095
0.19954
0.1742
0.16126
0.058805
0.0402
0.15495
0.076197
0.15923
0.097654
0.25615
0.34232
0.26331
0.13953
0.1178
0.15529
0.12662
0.19287
0.28663
0.16046
0.096618
0.054923
0.027546
0.085624
0.12726
0.17753
0.17425
0.14871
0.20123
0.2519
0.21708
0.13068
0.1664
0.052418
0.08811
0.15093
0.092564
0.2428
0.32448
0.24959
0.13225
0.11166
0.1472
0.12002
0.21625
0.19308
0.13948
0.091266
0.093551
0.070006
0.11531
0.082129
0.15202
0.16517
0.14096
0.19074
0.23877
0.20576
0.12387
0.15772
0.049686
0.083517
0.11174
0.11329
0.21583
0.32671
0.25571
0.1071
0.029828
0.037361
0.13086
0.23564
0.26566
0.22771
0.21092
0.028736
0.093465
0.17559
0.17905
0.18533
0.1027
0.2116
0.3
0.17281
0.097625
0.099892
0.13838
0.18599
0.21312
0.30605
0.11474
0.1021
0.16009
0.094379
0.10101
0.078205
0.056245
0.15169
0.11003
0.15047
0.11676
0.045251
0.032998
0.026268
0.13905
0.21751
0.25248
0.090172
0.1858
0.26342
0.15174
0.08572
0.087711
0.12151
0.16331
0.18714
0.05639
0.1763
0.21235
0.29165
0.19639
0.1941
0.069196
0.038502
0.064554
0.096616
0.13212
0.10252
0.039733
0.028974
0.023064
0.12209
0.19099
0.2217
0.21632
0.15232
0.30129
0.23709
0.12598
0.26048
0.21496
0.15492
0.10316
0.052395
0.16381
0.19731
0.27099
0.18248
0.18035
0.064294
0.035774
0.059981
0.058795
0.049969
0.077506
0.12145
0.094835
0.059899
0.063952
0.052926
0.084835
0.20099
0.14153
0.27995
0.22029
0.11706
0.24203
0.19973
0.14394
0.095848
0.14647
0.1772
0.34946
0.27194
0.1237
0.31985
0.12269
0.045146
0.12962
0.058976
0.050123
0.077746
0.12183
0.095128
0.060084
0.064149
0.05309
0.085097
0.28055
0.12536
0.063348
0.12354
0.08559
0.063383
0.062551
0.054047
0.19391
0.14692
0.17775
0.35054
0.27278
0.12408
0.32084
0.12307
0.045285
0.13002
0.48092
0.084273
0.044385
0.075501
0.028303
0.016062
0.042226
0.12364
0.33124
0.28149
0.12578
0.06356
0.12395
0.085876
0.063595
0.062761
0.054228
0.19456
0.14519
0.062943
0.15631
0.17514
0.14782
0.092734
0.060087
0.075361
0.26859
0.48253
0.084555
0.044534
0.075754
0.028398
0.016116
0.042368
0.12405
0.33235
0.20253
0.061319
0.043341
0.058751
0.27271
0.19446
0.065422
0.10916
0.28715
0.097457
0.04225
0.10492
0.11757
0.099221
0.062247
0.040333
0.050586
0.18029
0.23174
0.2129
0.063656
0.075327
0.077497
0.078227
0.02942
0.18861
0.46646
0.13595
0.04116
0.029092
0.039436
0.18306
0.13053
0.043914
0.073276
0.19275
0.2587
0.15692
0.042087
0.018569
0.013863
0.020947
0.11056
0.21829
0.51655
0.19772
0.18164
0.05431
0.064267
0.066118
0.066741
0.0251
0.16091
0.39797
0.22819
0.15803
0.06146
0.04065
0.02172
0.022757
0.041928
0.057873
0.11274
0.22071
0.13388
0.035908
0.015843
0.011828
0.017872
0.094325
0.18624
0.44071
0.43586
0.20784
0.045833
0.046824
0.013911
0.028525
0.040207
0.075493
0.27128
0.32537
0.22533
0.087633
0.057961
0.030969
0.032448
0.059783
0.082519
0.16074
0.11219
0.14329
0.16713
0.12216
0.054097
0.049464
0.045243
0.054353
0.073224
0.62147
0.29634
0.065351
0.066764
0.019836
0.040673
0.057329
0.10764
0.38681
0.048891
0.075632
0.067172
0.096301
0.13105
0.073388
0.066072
0.04592
0.046236
0.19551
0.2497
0.29124
0.21288
0.09427
0.086196
0.07884
0.094716
0.1276
0.17294
0.25702
0.14388
0.086635
0.049248
0.024699
0.076777
0.11411
0.15919
0.085198
0.1318
0.11705
0.16781
0.22837
0.12789
0.11514
0.080021
0.08057
0.068643
0.085148
0.13464
0.12166
0.32234
0.33868
0.30076
0.17132
0.074642
0.17628
0.26197
0.14665
0.088304
0.050197
0.025175
0.078256
0.11631
0.16226
0.15925
0.13591
0.18391
0.23022
0.1984
0.11943
0.15208
0.047908
0.080528
0.069966
0.086788
0.13724
0.124
0.32855
0.3452
0.30656
0.17462
0.07608
0.060216
0.14061
0.13466
0.1912
0.18551
0.24856
0.13784
0.034325
0.08483
0.16275
0.1389
0.18795
0.23528
0.20275
0.12206
0.15542
0.04896
0.082296
0.11011
0.11164
0.21268
0.32194
0.25198
0.10554
0.029391
0.036815
0.12895
0.061539
0.1437
0.13762
0.1954
0.18959
0.25402
0.14087
0.035079
0.086693
0.1476
0.1364
0.050938
0.20848
0.38535
0.21347
0.046843
0.092898
0.072984
0.37693
0.14131
0.12575
0.19716
0.11624
0.1244
0.096315
0.06927
0.18682
0.13552
0.18532
0.1438
0.05573
0.04064
0.032351
0.17125
0.26788
0.31095
0.25176
0.18065
0.20486
0.088471
0.073113
0.053833
0.033441
0.18432
0.1546
0.14264
0.121
0.085363
0.12779
0.052016
0.11346
0.10325
0.16029
0.32365
0.10498
0.14356
0.1114
0.043172
0.031482
0.025061
0.13266
0.20752
0.24089
0.23504
0.1655
0.32737
0.25761
0.13689
0.28303
0.23357
0.16833
0.11209
0.1105
0.093733
0.066128
0.098994
0.040295
0.08789
0.079988
0.12418
0.25072
0.086944
0.11642
0.21081
0.17829
0.092809
0.173
0.25615
0.16938
0.15469
0.16501
0.11619
0.22982
0.18085
0.096101
0.1987
0.16397
0.11817
0.078687
0.12024
0.14548
0.28689
0.22325
0.10155
0.26259
0.10073
0.037063
0.10641
0.061037
0.08173
0.148
0.12516
0.065154
0.12145
0.17983
0.11891
0.1086
0.091347
0.18476
0.22897
0.25392
0.28186
0.27713
0.21323
0.12951
0.070724
0.11441
0.13842
0.27297
0.21241
0.096626
0.24984
0.095837
0.035264
0.10125
0.37449
0.065624
0.034563
0.058793
0.02204
0.012508
0.032882
0.09628
0.25794
0.086914
0.17579
0.21786
0.24159
0.26818
0.26368
0.20288
0.12323
0.067291
0.26056
0.08263
0.1424
0.089858
0.06688
0.10147
0.11233
0.078849
0.21369
0.38246
0.06702
0.035298
0.060044
0.022509
0.012774
0.033581
0.098328
0.26343
0.16053
0.048603
0.034353
0.046567
0.21616
0.15413
0.051854
0.086525
0.2276
0.2661
0.084387
0.14543
0.091769
0.068302
0.10362
0.11472
0.080526
0.21824
0.23355
0.16486
0.30928
0.12822
0.072305
0.0992
0.13268
0.28388
0.31988
0.12717
0.038503
0.027214
0.036891
0.17124
0.1221
0.041079
0.068545
0.1803
0.242
0.14679
0.03937
0.01737
0.012968
0.019595
0.10342
0.2042
0.48321
0.18502
0.1306
0.24501
0.10158
0.05728
0.078586
0.10511
0.22489
0.25341
0.19245
0.2439
0.17824
0.093823
0.075491
0.11725
0.11976
0.25207
0.19328
0.19597
0.11887
0.031882
0.014066
0.010501
0.015868
0.083749
0.16536
0.39129
0.38699
0.18453
0.040694
0.041574
0.012352
0.025327
0.035699
0.067028
0.24086
0.15584
0.19751
0.14434
0.075977
0.061132
0.094951
0.096977
0.20412
0.15652
0.45762
0.25025
0.079176
0.051529
0.079344
0.054451
0.11222
0.042187
0.15438
0.46236
0.22047
0.048619
0.049671
0.014757
0.03026
0.042652
0.080083
0.28778
0.036374
0.056269
0.049975
0.071646
0.097501
0.054599
0.049156
0.034164
0.034398
0.54675
0.299
0.094597
0.061565
0.094798
0.065057
0.13408
0.050404
0.18444
0.29184
0.12667
0.1041
0.084758
0.056034
0.023828
0.017004
0.040525
0.13241
0.064719
0.10012
0.088919
0.12748
0.17348
0.097147
0.087463
0.060787
0.061204
0.052144
0.064682
0.10228
0.092415
0.24486
0.25727
0.22847
0.13014
0.056701
0.51926
0.22539
0.18523
0.15081
0.099699
0.042396
0.030255
0.072105
0.23559
0.06487
0.2323
0.089853
0.15006
0.16505
0.2001
0.18917
0.16458
0.11335
0.05902
0.073211
0.11577
0.1046
0.27715
0.2912
0.2586
0.1473
0.064178
0.050796
0.11861
0.1136
0.16129
0.15649
0.20967
0.11627
0.028955
0.071559
0.073424
0.26293
0.1017
0.16985
0.18681
0.22649
0.21412
0.18628
0.1283
0.16253
0.23299
0.18904
0.11561
0.12019
0.087432
0.21483
0.2498
0.10797
0.057168
0.13349
0.12785
0.18152
0.17612
0.23597
0.13086
0.032587
0.080536
0.13711
0.12671
0.04732
0.19367
0.35798
0.19831
0.043516
0.0863
0.0678
0.18292
0.26222
0.21275
0.13011
0.13527
0.0984
0.24177
0.28114
0.12152
0.067766
0.055879
0.18596
0.27544
0.20282
0.15161
0.14348
0.11125
0.04826
0.23991
0.17215
0.19522
0.084308
0.069672
0.0513
0.031867
0.17564
0.14732
0.13593
0.1153
0.081346
0.12177
0.049568
0.10812
0.098395
0.15275
0.30842
0.098493
0.17251
0.22852
0.16054
0.23063
0.25981
0.21155
0.084139
0.055484
0.17906
0.31047
0.24345
0.18994
0.25347
0.069686
0.031796
0.06314
0.14171
0.091293
0.07744
0.054633
0.081786
0.033291
0.072613
0.066084
0.10259
0.20714
0.071831
0.096184
0.17417
0.1473
0.076676
0.14293
0.21163
0.13994
0.1278
0.12026
0.20852
0.1635
0.12756
0.17023
0.046802
0.021355
0.042406
0.095173
0.092473
0.2692
0.45525
0.32018
0.17872
0.086579
0.079864
0.27278
0.28969
0.046094
0.061721
0.11176
0.094522
0.049203
0.091719
0.1358
0.089797
0.082013
0.068984
0.13953
0.17291
0.19175
0.21286
0.20928
0.16103
0.097805
0.053409
0.05934
0.17274
0.29214
0.20546
0.11468
0.055558
0.051249
0.17504
0.18589
0.093946
0.18718
0.52298
0.23276
0.1036
0.2057
0.15146
0.11945
0.058624
0.073557
0.14878
0.18438
0.20447
0.22697
0.22316
0.17171
0.10429
0.05695
0.22052
0.069932
0.12052
0.076049
0.056602
0.085872
0.095069
0.066732
0.18085
0.10017
0.19959
0.55766
0.24819
0.11047
0.21933
0.1615
0.12737
0.06251
0.14931
0.083151
0.073853
0.058772
0.044804
0.10033
0.11958
0.11703
0.11822
0.29135
0.092393
0.15923
0.10048
0.074782
0.11345
0.1256
0.088166
0.23894
0.25571
0.1805
0.33862
0.14039
0.079164
0.10861
0.14527
0.31081
0.35023
0.19727
0.10986
0.097575
0.077649
0.059195
0.13255
0.15798
0.15462
0.1562
0.10256
0.11634
0.19939
0.12142
0.087624
0.11549
0.083527
0.096966
0.066544
0.21343
0.15065
0.28263
0.11717
0.066074
0.090652
0.12125
0.25942
0.29232
0.222
0.28135
0.20561
0.10823
0.087082
0.13526
0.13814
0.29077
0.22296
0.085603
0.097106
0.16642
0.10134
0.073135
0.096394
0.069715
0.080932
0.055541
0.13436
0.17789
0.10311
0.21617
0.26566
0.10593
0.12553
0.078506
0.042823
0.18967
0.24037
0.17566
0.092467
0.0744
0.11556
0.11802
0.24842
0.19049
0.55694
0.30457
0.09636
0.062712
0.096565
0.066269
0.13658
0.051344
0.18788
0.1148
0.15199
0.08809
0.18468
0.22697
0.090501
0.10725
0.067073
0.036587
0.060516
0.08109
0.1311
0.16015
0.1433
0.053554
0.1032
0.055534
0.06444
0.592
0.32374
0.10243
0.06666
0.10264
0.070441
0.14518
0.054576
0.19971
0.31599
0.13716
0.11272
0.091773
0.060671
0.0258
0.018411
0.043879
0.14337
0.064326
0.086194
0.13936
0.17023
0.15233
0.056926
0.1097
0.05903
0.068496
0.22396
0.21441
0.15448
0.12454
0.047815
0.071782
0.10867
0.084337
0.12217
0.42531
0.18461
0.15172
0.12352
0.081661
0.034725
0.024781
0.059059
0.19297
0.053133
0.19027
0.073596
0.12291
0.13518
0.1639
0.15495
0.1348
0.092843
0.30144
0.28859
0.20792
0.16762
0.064357
0.096616
0.14626
0.11351
0.16443
0.061395
0.043204
0.1726
0.32452
0.23165
0.11147
0.10507
0.030984
0.054398
0.061636
0.22071
0.085373
0.14258
0.15682
0.19013
0.17974
0.15637
0.1077
0.13644
0.19558
0.15869
0.097047
0.1009
0.073394
0.18033
0.20969
0.090637
0.071219
0.050117
0.20022
0.37645
0.26872
0.1293
0.12188
0.035942
0.063103
0.20838
0.26055
0.24127
0.30605
0.14381
0.070008
0.034333
0.034053
0.097318
0.13139
0.18834
0.15281
0.093456
0.097162
0.070678
0.17366
0.20193
0.087283
0.048675
0.040136
0.13357
0.19784
0.14568
0.1089
0.10306
0.079907
0.034664
0.20067
0.25091
0.23234
0.29473
0.13849
0.067417
0.033063
0.032793
0.093717
0.29469
0.053936
0.098862
0.089865
0.32569
0.44053
0.099648
0.096615
0.064657
0.091947
0.16104
0.21333
0.14987
0.2153
0.24254
0.19749
0.078546
0.051796
0.16716
0.28983
0.22726
0.17731
0.23662
0.065054
0.029683
0.058943
0.13229
0.052548
0.074474
0.062355
0.13539
0.23234
0.12905
0.23788
0.089903
0.018756
0.18827
0.25619
0.20435
0.084938
0.17265
0.13625
0.19346
0.13363
0.21819
0.12058
0.20907
0.16393
0.1279
0.17068
0.046926
0.021411
0.042518
0.095424
0.092718
0.26991
0.45646
0.32103
0.17919
0.086808
0.080076
0.2735
0.29045
0.1358
0.1848
0.14741
0.061269
0.12454
0.098286
0.13955
0.09639
0.15739
0.10637
0.099793
0.090893
0.14139
0.077416
0.10437
0.091321
0.083838
0.13843
0.062392
0.18163
0.30716
0.21603
0.12058
0.058414
0.053884
0.18405
0.19545
0.098777
0.1968
0.54988
0.24473
0.10893
0.21627
0.15925
0.12559
0.061638
0.071577
0.067152
0.061164
0.095145
0.052095
0.070232
0.061451
0.056416
0.093152
0.072967
0.10391
0.10585
0.17239
0.25298
0.16254
0.095771
0.06683
0.089727
0.10472
0.20865
0.58296
0.25945
0.11548
0.22929
0.16883
0.13315
0.065347
0.15608
0.086924
0.077205
0.061439
0.046838
0.10488
0.125
0.12234
0.12359
0.077357
0.11016
0.11222
0.18277
0.2682
0.17232
0.10153
0.070851
0.095126
0.10375
0.033442
0.12309
0.13348
0.17409
0.13172
0.087981
0.10003
0.14437
0.23945
0.13335
0.11844
0.094254
0.071854
0.1609
0.19177
0.18768
0.1896
0.1245
0.14122
0.24203
0.14739
0.10636
0.14019
0.10139
0.1177
0.080775
0.15916
0.051304
0.18884
0.20477
0.26708
0.20208
0.13497
0.15346
0.22148
0.087046
0.11449
0.29115
0.31184
0.18905
0.1779
0.06816
0.021294
0.043209
0.11125
0.1262
0.21628
0.13171
0.095048
0.12528
0.090603
0.10518
0.072182
0.17462
0.23119
0.134
0.28093
0.34525
0.13767
0.16314
0.10203
0.055654
0.077786
0.10231
0.26018
0.27867
0.16894
0.15897
0.060909
0.019029
0.038612
0.071443
0.14081
0.10551
0.2305
0.31547
0.16492
0.10938
0.19897
0.10273
0.17469
0.23128
0.13405
0.28104
0.34539
0.13772
0.16321
0.10207
0.055675
0.09209
0.1234
0.1995
0.2437
0.21807
0.081496
0.15704
0.084509
0.09806
0.071471
0.14087
0.10555
0.23059
0.31559
0.16498
0.10943
0.19905
0.10277
0.038394
0.073735
0.076951
0.21834
0.21521
0.1432
0.084297
0.087612
0.041915
0.092381
0.12379
0.20014
0.24448
0.21876
0.081754
0.15754
0.084777
0.098371
0.32164
0.30793
0.22186
0.17885
0.068669
0.10309
0.15606
0.12112
0.17545
0.038516
0.073969
0.077195
0.21903
0.2159
0.14365
0.084564
0.08789
0.042048
0.40191
0.20082
0.11023
0.13518
0.066532
0.031185
0.027558
0.068484
0.166
0.32369
0.30989
0.22327
0.18
0.069108
0.10375
0.15706
0.12189
0.17657
0.065927
0.046393
0.18535
0.34848
0.24876
0.1197
0.11283
0.033271
0.058414
0.40447
0.20211
0.11093
0.13604
0.066956
0.031384
0.027734
0.068921
0.16706
0.060523
0.049715
0.084231
0.13483
0.19227
0.15519
0.05901
0.039198
0.057648
0.07903
0.055614
0.22218
0.41774
0.29819
0.14348
0.13525
0.039883
0.070023
0.23123
0.28913
0.26773
0.33962
0.15958
0.077685
0.038099
0.037787
0.10799
0.072552
0.059596
0.10097
0.16162
0.23048
0.18603
0.070737
0.046989
0.069105
0.072759
0.11969
0.095919
0.1031
0.087847
0.13007
0.17263
0.14367
0.054747
0.19791
0.24746
0.22915
0.29068
0.13658
0.06649
0.032608
0.032342
0.092428
0.29064
0.053195
0.097503
0.08863
0.32121
0.43448
0.098278
0.095287
0.063768
0.062274
0.10244
0.082097
0.088242
0.075188
0.11133
0.14775
0.12296
0.046857
0.04673
0.10158
0.23939
0.22181
0.17315
0.20602
0.1609
0.072428
0.028067
0.050855
0.072074
0.060346
0.13103
0.22485
0.12489
0.23022
0.087006
0.018152
0.1822
0.24794
0.19777
0.082201
0.16709
0.13186
0.18723
0.12932
0.21116
0.075494
0.16955
0.15876
0.14389
0.26866
0.34289
0.088566
0.066678
0.072696
0.050467
0.15184
0.2473
0.16521
0.21765
0.27262
0.15257
0.093695
0.081559
0.19188
0.26111
0.20827
0.086567
0.17596
0.13887
0.19717
0.13619
0.22238
0.15029
0.141
0.12842
0.19977
0.10938
0.14746
0.12903
0.11845
0.19559
0.053148
0.15991
0.26044
0.17399
0.22921
0.2871
0.16067
0.098672
0.085891
0.19308
0.16232
0.17985
0.11928
0.17748
0.13332
0.073372
0.066675
0.10866
0.12198
0.11444
0.10423
0.16214
0.088775
0.11968
0.10472
0.09614
0.15874
0.12435
0.17708
0.18038
0.29378
0.4311
0.27699
0.16321
0.11389
0.15291
0.15671
0.13174
0.14597
0.09681
0.14405
0.10821
0.05955
0.054114
0.088192
0.12946
0.256
0.3321
0.20383
0.026181
0.067874
0.061675
0.065478
0.095992
0.10715
0.15259
0.15543
0.25315
0.37147
0.23868
0.14063
0.098134
0.13176
0.1437
0.04632
0.1705
0.18488
0.24113
0.18245
0.12186
0.13855
0.19996
0.11155
0.22059
0.28617
0.17564
0.02256
0.058486
0.053144
0.056421
0.082714
0.033996
0.010918
0.12136
0.21806
0.22991
0.23024
0.13281
0.072508
0.028708
0.14923
0.048103
0.17706
0.192
0.25042
0.18947
0.12655
0.14389
0.20766
0.081614
0.10735
0.27298
0.29239
0.17725
0.1668
0.063907
0.019965
0.040513
0.035305
0.011338
0.12603
0.22645
0.23876
0.2391
0.13792
0.075299
0.029813
0.044902
0.076438
0.18967
0.08188
0.092171
0.21762
0.33729
0.23237
0.052449
0.077178
0.10151
0.25815
0.27649
0.16762
0.15773
0.060433
0.01888
0.038311
0.070885
0.13971
0.10469
0.2287
0.313
0.16363
0.10853
0.19742
0.10193
0.042461
0.072284
0.17936
0.07743
0.087161
0.20579
0.31896
0.21974
0.049598
0.027956
0.059001
0.070863
0.19088
0.21711
0.35988
0.13815
0.11645
0.076634
0.075236
0.14829
0.11111
0.24274
0.33222
0.17367
0.11519
0.20954
0.10819
0.040417
0.077619
0.081005
0.22985
0.22655
0.15074
0.088737
0.092228
0.044124
0.029672
0.062622
0.075212
0.20259
0.23044
0.38197
0.14663
0.12359
0.081338
0.26876
0.20653
0.16909
0.10223
0.087206
0.1179
0.098236
0.071134
0.21957
0.036215
0.06955
0.072584
0.20595
0.203
0.13507
0.079512
0.08264
0.039537
0.3779
0.18883
0.10364
0.1271
0.062557
0.029322
0.025912
0.064394
0.15608
0.24082
0.18506
0.15151
0.091599
0.078141
0.10564
0.088023
0.063739
0.19675
0.44384
0.23441
0.062874
0.03889
0.04176
0.091092
0.15601
0.25714
0.28879
0.39707
0.19841
0.1089
0.13355
0.065731
0.03081
0.027227
0.06766
0.164
0.059416
0.048806
0.08269
0.13236
0.18875
0.15235
0.05793
0.038481
0.056593
0.46636
0.2463
0.066064
0.040863
0.043878
0.095712
0.16393
0.27018
0.30344
0.10508
0.075918
0.060715
0.05645
0.17929
0.22696
0.12332
0.098012
0.13884
0.07283
0.059825
0.10136
0.16224
0.23137
0.18675
0.071009
0.047169
0.06937
0.073038
0.12015
0.096287
0.1035
0.088184
0.13057
0.17329
0.14422
0.054957
0.12881
0.093059
0.074424
0.069196
0.21977
0.2782
0.15116
0.12014
0.17018
0.1009
0.11153
0.13126
0.12147
0.20144
0.45931
0.43355
0.076738
0.089944
0.071187
0.11711
0.093848
0.10087
0.08595
0.12726
0.1689
0.14056
0.053564
0.053419
0.11612
0.27366
0.25356
0.19794
0.23551
0.18393
0.082795
0.032084
0.098344
0.1087
0.12793
0.11839
0.19634
0.44767
0.42257
0.074794
0.087664
0.11685
0.10672
0.069883
0.06737
0.027312
0.076083
0.16616
0.20096
0.062923
0.086449
0.19415
0.1818
0.16477
0.30764
0.39265
0.10142
0.076354
0.083245
0.057791
0.17388
0.28319
0.18919
0.24923
0.31218
0.17471
0.10729
0.093394
0.11459
0.099953
0.062785
0.088514
0.084354
0.14101
0.20129
0.12454
0.11286
0.061177
0.020529
0.059681
0.14534
0.099708
0.14384
0.23361
0.12694
0.045245
0.058149
0.17495
0.28495
0.19036
0.25078
0.31412
0.17579
0.10796
0.093974
0.21125
0.17759
0.19678
0.1305
0.19418
0.14587
0.080277
0.072949
0.11889
0.061557
0.020656
0.060051
0.14624
0.10033
0.14473
0.23506
0.12772
0.045526
0.061709
0.049689
0.16414
0.35671
0.19048
0.18887
0.15659
0.1594
0.05119
0.18861
0.15856
0.17569
0.11652
0.17337
0.13023
0.071673
0.065131
0.10615
0.15582
0.30811
0.39971
0.24533
0.031511
0.081691
0.074231
0.078807
0.11553
0.055095
0.044363
0.14655
0.31848
0.17007
0.16863
0.13981
0.14232
0.045704
0.11115
0.2604
0.27438
0.13448
0.15513
0.13221
0.047039
0.066917
0.079694
0.14108
0.27897
0.3619
0.22212
0.02853
0.073963
0.067208
0.071352
0.1046
0.042993
0.013807
0.15348
0.27577
0.29075
0.29117
0.16795
0.091696
0.036305
0.10063
0.23577
0.24842
0.12176
0.14046
0.1197
0.042589
0.060586
0.072155
0.11174
0.15925
0.13516
0.084006
0.21995
0.17315
0.1496
0.17145
0.077083
0.040884
0.01313
0.14595
0.26224
0.27649
0.27689
0.15972
0.0872
0.034525
0.051998
0.088519
0.21964
0.094821
0.10674
0.25201
0.3906
0.26909
0.060738
0.10626
0.15144
0.12853
0.079887
0.20917
0.16466
0.14227
0.16304
0.073303
0.11098
0.091206
0.13837
0.15882
0.10592
0.16694
0.16288
0.13866
0.13886
0.046105
0.078486
0.19475
0.084074
0.09464
0.22345
0.34633
0.23859
0.053854
0.030355
0.064063
0.076943
0.20725
0.23574
0.39076
0.15
0.12644
0.08321
0.098406
0.080868
0.12269
0.14082
0.093912
0.14802
0.14442
0.12294
0.12312
0.099744
0.14587
0.15233
0.1546
0.20017
0.20099
0.24052
0.18628
0.12717
0.023056
0.04866
0.058443
0.15742
0.17906
0.2968
0.11394
0.096037
0.063203
0.20883
0.16048
0.13139
0.079433
0.067763
0.091609
0.076333
0.055274
0.17062
0.075761
0.11079
0.1157
0.11743
0.15204
0.15266
0.18269
0.14149
0.096592
0.28234
0.19191
0.28967
0.34561
0.11608
0.081637
0.10723
0.18809
0.37065
0.15839
0.12172
0.099653
0.060247
0.051395
0.069482
0.057896
0.041923
0.12941
0.29193
0.15418
0.041354
0.025579
0.027467
0.059914
0.10262
0.16913
0.18995
0.21414
0.14556
0.2197
0.26213
0.088039
0.061919
0.08133
0.14266
0.28113
0.4385
0.34231
0.076109
0.17798
0.21132
0.11157
0.015083
0.083889
0.11571
0.27402
0.14472
0.038818
0.02401
0.025782
0.056239
0.096322
0.15875
0.1783
0.061745
0.044608
0.035675
0.033169
0.10535
0.13336
0.072461
0.05759
0.081579
0.4116
0.32132
0.071441
0.16707
0.19836
0.10473
0.014158
0.078744
0.10861
0.0069164
0.0013487
0.045973
0.25121
0.54663
0.19393
0.056241
0.015888
0.014788
0.075085
0.054246
0.043383
0.040335
0.12811
0.16217
0.088116
0.070032
0.099203
0.058817
0.06501
0.076513
0.070806
0.11743
0.26774
0.25273
0.044732
0.05243
0.0084107
0.0016401
0.055906
0.30548
0.66472
0.23582
0.068392
0.019321
0.017982
0.084718
0.032308
0.045971
0.084378
0.29819
0.17068
0.038232
0.09793
0.064237
0.086445
0.095547
0.11245
0.10406
0.17258
0.3935
0.37144
0.065744
0.077057
0.10271
0.093809
0.061428
0.059218
0.024007
0.066877
0.14605
0.17664
0.05531
0.12451
0.047484
0.067565
0.12401
0.43826
0.25085
0.05619
0.14393
0.094411
0.026265
0.049652
0.14027
0.35526
0.212
0.075406
0.051869
0.05661
0.093519
0.14929
0.13022
0.081795
0.11531
0.10989
0.1837
0.26223
0.16225
0.14703
0.0797
0.026744
0.077751
0.18935
0.1299
0.18739
0.30434
0.16537
0.058944
0.011321
0.081723
0.20093
0.22536
0.3313
0.22055
0.13756
0.015812
0.043264
0.13834
0.14032
0.096102
0.19491
0.12137
0.13266
0.23993
0.27815
0.15203
0.07032
0.023597
0.0686
0.16706
0.11461
0.16534
0.26852
0.14591
0.052007
0.070494
0.056763
0.18751
0.40749
0.2176
0.21576
0.17888
0.1821
0.058478
0.12206
0.12381
0.084792
0.17197
0.10708
0.11705
0.2117
0.24541
0.13413
0.27679
0.13353
0.061871
0.21734
0.21334
0.099297
0.14467
0.093605
0.08758
0.046013
0.03705
0.12239
0.26598
0.14203
0.14083
0.11676
0.11886
0.03817
0.092828
0.21748
0.22915
0.11231
0.12956
0.11041
0.039285
0.055886
0.066557
0.18067
0.087161
0.040385
0.14186
0.13925
0.064813
0.094432
0.061098
0.057165
0.11495
0.24839
0.11141
0.081312
0.24036
0.086463
0.10494
0.60424
0.21365
0.077136
0.18071
0.19041
0.093325
0.10766
0.091748
0.032644
0.046439
0.055306
0.085646
0.12206
0.1036
0.06439
0.16859
0.13272
0.11467
0.13141
0.059083
0.095514
0.2064
0.092575
0.067566
0.19973
0.071847
0.087199
0.5021
0.17753
0.42422
0.21383
0.03632
0.037786
0.016934
0.032146
0.02154
0.13172
0.35266
0.10184
0.14514
0.12318
0.076562
0.20046
0.1578
0.13634
0.15625
0.070252
0.10637
0.08741
0.13261
0.15221
0.10151
0.15999
0.1561
0.13289
0.13308
0.50442
0.25425
0.043186
0.044929
0.020135
0.038223
0.025612
0.15662
0.41933
0.17191
0.12297
0.11739
0.14101
0.12804
0.051604
0.10427
0.17958
0.11305
0.11508
0.094575
0.14349
0.16469
0.10983
0.17311
0.1689
0.14378
0.14399
0.11665
0.17059
0.17815
0.18081
0.2341
0.23506
0.28129
0.21786
0.14872
0.186
0.13304
0.12701
0.15257
0.13854
0.055834
0.11282
0.1943
0.12232
0.071331
0.10206
0.11246
0.23493
0.168
0.13734
0.32784
0.17165
0.073595
0.081868
0.11973
0.12503
0.1269
0.16429
0.16497
0.19742
0.1529
0.10438
0.3051
0.20738
0.31302
0.37347
0.12543
0.088217
0.11587
0.20325
0.40053
0.050062
0.07163
0.078929
0.16488
0.1179
0.096386
0.23009
0.12047
0.051651
0.038812
0.11149
0.1152
0.079475
0.14924
0.068092
0.042542
0.088272
0.056128
0.23362
0.1588
0.23968
0.28597
0.096046
0.06755
0.088727
0.15563
0.3067
0.47838
0.37345
0.083031
0.19417
0.23054
0.12171
0.016455
0.091518
0.12623
0.029719
0.085367
0.088209
0.060855
0.11427
0.05214
0.032575
0.067592
0.042978
0.13645
0.17653
0.15878
0.045137
0.040307
0.031352
0.039335
0.063621
0.086289
0.42221
0.3296
0.073282
0.17137
0.20348
0.10742
0.014523
0.080773
0.11141
0.0070947
0.0013835
0.047158
0.25768
0.56072
0.19892
0.057691
0.016298
0.015169
0.12043
0.1558
0.14014
0.039837
0.035574
0.027671
0.034717
0.056151
0.076158
0.21882
0.1112
0.10368
0.063859
0.12007
0.019541
0.062495
0.059972
0.10116
0.0085903
0.0016751
0.057099
0.312
0.67891
0.24086
0.069852
0.019734
0.018366
0.086526
0.032998
0.046953
0.08618
0.30456
0.17432
0.039048
0.10002
0.065609
0.26495
0.13464
0.12554
0.077321
0.14538
0.023661
0.075669
0.072614
0.12249
0.08316
0.041289
0.061003
0.1139
0.093565
0.11284
0.087105
0.024549
0.069546
0.1412
0.05385
0.076623
0.14064
0.49702
0.28448
0.063723
0.16323
0.10707
0.029786
0.056308
0.15908
0.40289
0.24042
0.085516
0.058822
0.064199
0.10606
0.13571
0.06738
0.099553
0.18588
0.15269
0.18415
0.14215
0.040063
0.11349
0.24556
0.068326
0.060547
0.10234
0.10457
0.086899
0.12591
0.089178
0.15819
