0.0052405
0.0049314
0.0059834
0.020336
0.051128
0.074561
0.024551
0.0062949
0.0050578
0.0013402
0.0031617
0.017452
0.033915
0.077875
0.064411
0.025805
0.0051335
0.0039464
0.0068228
0.0034036
0.0044694
0.033385
0.42756
0.35883
0.064098
0.044137
0.025464
0.018602
0.020328
0.060698
0.089947
0.57855
0.55495
0.049321
0.027063
0.020497
0.0010845
0.0025585
0.014122
0.027445
0.063018
0.052123
0.020882
0.0041541
0.0031935
0.010011
0.009632
0.037273
0.03544
0.031328
0.03084
0.029892
0.0073107
0.0045673
0.015053
0.01645
0.049118
0.072787
0.46817
0.44907
0.039911
0.0219
0.016587
0.002828
0.0019646
0.010493
0.072751
0.55444
0.48725
0.056989
0.02615
0.02405
0.0098177
0.0094458
0.036553
0.034754
0.030723
0.030244
0.029314
0.0071694
0.004479
0.0086434
0.019078
0.016272
0.0021185
0.11643
0.1036
0.01352
0.018007
0.02176
0.0027733
0.0019266
0.010291
0.071345
0.54372
0.47783
0.055887
0.025644
0.023585
0.021734
0.019271
0.033355
0.142
0.46056
0.39083
0.16195
0.080914
0.12348
0.0090455
0.019966
0.017029
0.0022171
0.12185
0.10842
0.01415
0.018845
0.022773
0.013372
0.0022058
0.0026392
0.0085646
0.46362
0.21884
0.01286
0.024717
0.022938
0.022745
0.020168
0.034907
0.14861
0.48198
0.40902
0.16948
0.084679
0.12922
0.019283
0.024151
0.031558
0.043649
0.35878
0.29353
0.10366
0.032378
0.013643
0.013571
0.0022387
0.0026785
0.0086923
0.47054
0.22211
0.013052
0.025085
0.02328
0.0059358
0.0073383
0.0056389
0.045759
0.51638
0.3572
0.021009
0.0094289
0.0022849
0.01957
0.024512
0.032029
0.0443
0.36413
0.29791
0.10521
0.03286
0.013846
0.043937
0.038096
0.10617
0.12289
0.20559
0.1398
0.021026
0.015508
0.027512
0.0060915
0.0075308
0.0057868
0.046959
0.52992
0.36657
0.02156
0.0096762
0.0023448
0.013792
0.006892
0.0055957
0.07385
0.37886
0.40632
0.049136
0.0062092
0.012719
0.045089
0.039095
0.10896
0.12611
0.21099
0.14346
0.021578
0.015914
0.028234
0.0016704
0.0013779
0.033205
0.093634
0.33184
0.21154
0.029856
0.035168
0.011211
0.015216
0.0076036
0.0061735
0.081475
0.41797
0.44827
0.054209
0.0068503
0.014032
0.013708
0.020384
0.012112
0.035519
0.33321
0.36615
0.14605
0.085091
0.035531
0.0018428
0.0015201
0.036633
0.1033
0.3661
0.23338
0.032938
0.038799
0.012369
0.065281
0.068873
0.090848
0.087156
0.15236
0.25349
0.11858
0.055025
0.067704
0.012699
0.018885
0.011221
0.032906
0.3087
0.33922
0.1353
0.078831
0.032917
0.0072181
0.0071295
0.039714
0.21676
0.68675
0.17805
0.051216
0.04039
0.017847
0.060478
0.063806
0.084165
0.080744
0.14115
0.23484
0.10986
0.050977
0.062724
0.023398
0.015253
0.059564
0.11137
0.1789
0.16479
0.11753
0.024839
0.02032
0.0071645
0.0070765
0.039419
0.21515
0.68165
0.17673
0.050835
0.04009
0.017715
0.011842
0.0013176
0.0010062
0.10275
0.46776
0.21876
0.052894
0.01705
0.020375
0.023224
0.015139
0.059121
0.11054
0.17757
0.16357
0.11665
0.024655
0.020169
0.048466
0.10782
0.074835
0.075895
0.11515
0.073411
0.15092
0.11762
0.028782
0.014753
0.0016417
0.0012536
0.12802
0.58279
0.27255
0.065901
0.021243
0.025385
0.085063
0.010724
0.050753
0.12229
0.30788
0.43785
0.10193
0.051102
0.042065
0.060384
0.13433
0.093238
0.094558
0.14347
0.091464
0.18803
0.14654
0.035859
0.01296
0.009354
0.021965
0.078832
0.19318
0.24163
0.092717
0.014125
0.0057906
0.094612
0.011928
0.056451
0.13602
0.34244
0.487
0.11337
0.056839
0.046787
0.010572
0.023711
0.069405
0.1867
0.36735
0.36652
0.16163
0.005624
0.017386
0.014415
0.010404
0.02443
0.087682
0.21486
0.26876
0.10312
0.015711
0.0064406
0.025555
0.015029
0.012711
0.13625
0.255
0.16781
0.084009
0.049259
0.015013
0.0043556
0.0021728
0.0028532
0.021312
0.27295
0.22907
0.040919
0.028176
0.016256
0.011875
0.012977
0.038749
0.057421
0.36934
0.35427
0.031486
0.017277
0.013085
0.0044141
0.0018488
0.032011
0.094416
0.25191
0.33593
0.11669
0.021278
0.0070756
0.0059774
0.0096578
0.010355
0.1301
0.54332
0.2737
0.11625
0.012058
0.00014384
0.010969
0.011988
0.035793
0.053042
0.34117
0.32725
0.029085
0.015959
0.012087
0.0020608
0.0014317
0.0076469
0.053016
0.40403
0.35507
0.041529
0.019056
0.017526
0.0055216
0.0089212
0.0095656
0.12018
0.50188
0.25283
0.10738
0.011139
0.00013287
0.0072974
0.016166
0.013165
0.11935
0.31755
0.1248
0.05328
0.014581
0
0.0023394
0.0016252
0.0086804
0.060182
0.45864
0.40307
0.047143
0.021632
0.019894
0.018333
0.016256
0.028136
0.11978
0.38849
0.32968
0.13661
0.068253
0.10416
0.0082837
0.018351
0.014945
0.13548
0.36047
0.14167
0.060481
0.016551
0
0.0096616
0.00086738
0.021252
0.050183
0.28493
0.22861
0.036377
0.0045568
0.0095358
0.019171
0.016999
0.029422
0.12526
0.40626
0.34475
0.14286
0.071374
0.10892
0.016253
0.020357
0.0266
0.036791
0.30241
0.24741
0.087375
0.02729
0.011499
0.010103
0.00090704
0.022224
0.052478
0.29795
0.23907
0.03804
0.0047651
0.0099719
0.0072137
0.0042797
0.018752
0.16878
0.36619
0.41598
0.10324
0.0021812
0.0071023
0.019953
0.024991
0.032655
0.045166
0.37125
0.30373
0.10727
0.033503
0.014117
0.044796
0.038841
0.10825
0.12529
0.20961
0.14253
0.021437
0.015811
0.02805
0.0088558
0.0052539
0.02302
0.2072
0.44955
0.51068
0.12674
0.0026778
0.0087191
0.045906
0.11417
0.20987
0.18424
0.1448
0.11955
0.035759
0.026951
0.057276
0.060964
0.052861
0.14732
0.17052
0.28527
0.19397
0.029175
0.021518
0.038174
0.0022585
0.001863
0.044896
0.1266
0.44868
0.28602
0.040367
0.047551
0.015158
0.062476
0.15538
0.28562
0.25073
0.19707
0.1627
0.048666
0.036679
0.07795
0.047796
0.017336
0.019351
0.038089
0.31884
0.38756
0.081211
0.040857
0.05926
0.0020469
0.0016885
0.04069
0.11474
0.40665
0.25923
0.036586
0.043097
0.013739
0.072512
0.076501
0.10091
0.09681
0.16923
0.28156
0.13172
0.06112
0.075204
0.043319
0.015712
0.017539
0.034521
0.28897
0.35126
0.073604
0.03703
0.053709
0.035963
0.018661
0.040219
0.068054
0.49919
0.32556
0.017785
0.013941
0.011391
0.07158
0.075518
0.099614
0.095566
0.16706
0.27794
0.13002
0.060334
0.074237
0.027693
0.018053
0.070497
0.13181
0.21174
0.19504
0.1391
0.029399
0.02405
0.035501
0.018421
0.039702
0.067179
0.49277
0.32137
0.017556
0.013762
0.011245
0.015334
0.018999
0.032838
0.022814
0.14724
0.54861
0.16135
0.065673
0.046779
0.029394
0.019162
0.07483
0.13991
0.22475
0.20702
0.14765
0.031206
0.025528
0.061343
0.13647
0.094719
0.09606
0.14574
0.092917
0.19102
0.14887
0.036429
0.016277
0.020167
0.034856
0.024216
0.15628
0.58232
0.17127
0.069709
0.049654
0.020025
0.019113
0.019882
0.047489
0.35227
0.42871
0.083369
0.034451
0.065322
0.064905
0.14439
0.10022
0.10164
0.15421
0.098312
0.20211
0.15752
0.038544
0.01393
0.010054
0.023609
0.084735
0.20764
0.25973
0.099659
0.015183
0.0062242
0.021188
0.020223
0.021037
0.050247
0.37273
0.4536
0.08821
0.036452
0.069115
0.014004
0.026787
0.055334
0.18877
0.55635
0.11491
0.019665
0.0057681
0.0030686
0.014951
0.010791
0.02534
0.090945
0.22286
0.27876
0.10696
0.016295
0.0066803
0.026506
0.015588
0.013184
0.14132
0.26449
0.17406
0.087135
0.051093
0.015572
0.01503
0.028751
0.05939
0.20261
0.59713
0.12334
0.021106
0.0061909
0.0032935
0.022912
0.01073
0.016488
0.17516
0.49968
0.13752
0.010364
0.025042
0.032009
0.0038363
0.0016068
0.027821
0.082057
0.21893
0.29195
0.10141
0.018493
0.0061493
0.005195
0.0083936
0.0089998
0.11307
0.4722
0.23787
0.10103
0.01048
0.00012501
0.0043055
0.0069273
0.014617
0.092178
0.44411
0.30943
0.044755
0.033091
0.023537
0.0038642
0.011122
0.012842
0.040154
0.38166
0.30244
0.021012
0.029591
0.0054045
0.0058739
0.0094905
0.010176
0.12785
0.53391
0.26896
0.11424
0.011849
0.00014135
0.007763
0.017198
0.014005
0.12697
0.33782
0.13277
0.056679
0.015511
0
0.0043692
0.012576
0.014521
0.045402
0.43154
0.34197
0.023759
0.033458
0.0061109
0.0050063
0.011143
0.026165
0.089316
0.28748
0.24505
0.044351
0.010734
0.0054083
0.010804
0.023935
0.019492
0.17671
0.47017
0.18478
0.078886
0.021588
0
0.012602
0.0011313
0.027719
0.065454
0.37163
0.29818
0.047446
0.0059434
0.012438
0.0069677
0.015509
0.036416
0.12431
0.40011
0.34105
0.061726
0.014939
0.0075272
0
0.0015029
0.0053962
0.077972
0.30329
0.26671
0.065751
0.003589
0.001337
0.012115
0.0010876
0.026649
0.062927
0.35728
0.28667
0.045614
0.0057139
0.011957
0.00865
0.0051318
0.022485
0.20238
0.43911
0.49881
0.12379
0.0026155
0.0085165
0
0.0014449
0.0051878
0.074961
0.29158
0.25642
0.063212
0.0034504
0.0012854
0.0032489
0.0063384
0.011749
0.058277
0.30719
0.16081
0.014824
0.00311
0.0057306
0.0093688
0.0055582
0.024354
0.2192
0.47559
0.54026
0.13408
0.0028329
0.0092242
0.048565
0.12079
0.22203
0.19491
0.15319
0.12647
0.03783
0.028512
0.060594
0.0035188
0.006865
0.012725
0.063119
0.33272
0.17417
0.016056
0.0033684
0.0062068
0.00756
0.0092323
0.0071311
0.05996
0.23544
0.23482
0.070253
0.022239
0.012073
0.067154
0.16702
0.30701
0.26951
0.21182
0.17488
0.05231
0.039426
0.083787
0.051375
0.018634
0.0208
0.040941
0.34271
0.41658
0.087292
0.043917
0.063697
0.010454
0.012766
0.0098605
0.08291
0.32556
0.3247
0.097143
0.030751
0.016694
0.026753
0.088206
0.21434
0.11473
0.15344
0.25135
0.13745
0.04139
0.0017153
0.049623
0.017999
0.020091
0.039545
0.33103
0.40238
0.084316
0.042419
0.061525
0.041196
0.021376
0.046072
0.077957
0.57183
0.37294
0.020373
0.01597
0.013049
0.02584
0.085198
0.20703
0.11081
0.14821
0.24278
0.13276
0.039978
0.0016568
0.0063731
0.012726
0.028574
0.046371
0.17832
0.17056
0.076286
0.022709
0.014374
0.038775
0.02012
0.043363
0.073374
0.53822
0.35101
0.019175
0.015031
0.012282
0.016749
0.020751
0.035866
0.024918
0.16081
0.5992
0.17623
0.07173
0.051093
0.0059985
0.011978
0.026895
0.043645
0.16784
0.16053
0.071802
0.021374
0.01353
0.021301
0.011836
0.030875
0.055402
0.16145
0.21283
0.097993
0.042283
0.030667
0.016446
0.020376
0.035218
0.024467
0.15791
0.58837
0.17304
0.070433
0.050169
0.020233
0.019312
0.020089
0.047982
0.35593
0.43316
0.084234
0.034809
0.065999
0.020915
0.011621
0.030316
0.0544
0.15853
0.20898
0.096221
0.041519
0.030112
0.004564
0.047428
0.092162
0.10836
0.27553
0.26947
0.047804
0.0040242
0.00059436
0.019253
0.018376
0.019115
0.045657
0.33868
0.41217
0.080152
0.033122
0.062802
0.012725
0.024341
0.05028
0.17153
0.50553
0.10442
0.017869
0.0052413
0.0027883
0.0043428
0.04513
0.087696
0.10311
0.26218
0.25641
0.045488
0.0038292
0.00056557
0.0037986
0.0035538
0.0097808
0.023515
0.39831
0.26896
0.10664
0.035356
0.0040807
0.01321
0.025269
0.052198
0.17807
0.52481
0.1084
0.01855
0.0054411
0.0028947
0.020137
0.0094306
0.014491
0.15395
0.43916
0.12087
0.0091085
0.02201
0.028132
0.0039434
0.0036893
0.010154
0.024412
0.4135
0.27922
0.11071
0.036705
0.0042364
0.007976
0.03039
0.035434
0.068901
0.34143
0.21307
0.097177
0.039427
0.02635
0.0056083
0.0090233
0.01904
0.12007
0.57848
0.40305
0.058296
0.043103
0.030659
0.0050334
0.014488
0.016728
0.052303
0.49714
0.39396
0.02737
0.038544
0.0070398
0.0033423
0.0043568
0.0266
0.036576
0.070805
0.08674
0.010971
0.0072864
0.0051816
0.0019171
0.0033488
0.013199
0.022343
0.15345
0.18215
0.040673
0.0070028
0.00078453
0.0057599
0.016579
0.019142
0.059852
0.5689
0.45082
0.031321
0.044107
0.0080559
0.0065998
0.01469
0.034493
0.11774
0.37898
0.32304
0.058467
0.01415
0.0071297
0.0021938
0.0038321
0.015104
0.025568
0.17559
0.20845
0.046543
0.0080135
0.00089777
0.024879
0.016821
0.014184
0.14791
0.25498
0.18178
0.0076512
0.0092992
0.017473
0.007648
0.017023
0.039972
0.13644
0.43918
0.37435
0.067753
0.016397
0.0082621
0
0.0016496
0.005923
0.085584
0.3329
0.29275
0.072171
0.0039394
0.0014675
0.02883
0.019492
0.016437
0.17141
0.29547
0.21065
0.0088664
0.010776
0.020248
0.0052663
0.010777
0.017441
0.072523
0.41578
0.29597
0.054346
0.010153
0.00042814
0
0.0018283
0.0065646
0.094855
0.36897
0.32447
0.079989
0.0043661
0.0016265
0.0041111
0.0080205
0.014867
0.073744
0.38872
0.20349
0.018759
0.0039353
0.0072515
0.0058368
0.011945
0.019331
0.080379
0.46082
0.32803
0.060233
0.011253
0.00047452
0.013064
0.0093752
0.033086
0.27598
0.23893
0.2142
0.16797
0.062516
0.033499
0.0046559
0.0090834
0.016837
0.083516
0.44023
0.23045
0.021244
0.0044568
0.0082125
0.010003
0.012216
0.0094354
0.079335
0.31152
0.31071
0.092954
0.029425
0.015974
0.014795
0.010618
0.037471
0.31255
0.27059
0.24259
0.19023
0.070801
0.037938
0.034635
0.063608
0.18829
0.35848
0.26521
0.087227
0.075167
0.088973
0.018976
0.0092554
0.011303
0.0087303
0.073407
0.28824
0.28749
0.086008
0.027226
0.014781
0.023686
0.078096
0.18977
0.10158
0.13585
0.22254
0.12169
0.036646
0.0015187
0.032047
0.058855
0.17422
0.33169
0.24539
0.080709
0.06955
0.082324
0.017558
0.11202
0.15455
0.21366
0.074922
0.092713
0.074408
0.27512
0.41747
0.32831
0.022765
0.075057
0.18239
0.097625
0.13057
0.21388
0.11696
0.03522
0.0014596
0.0056146
0.011211
0.025173
0.040851
0.1571
0.15026
0.067206
0.020006
0.012664
0.10766
0.14854
0.20535
0.072007
0.089105
0.071513
0.26442
0.40123
0.31554
0.019254
0.012093
0.0039532
0.030191
0.49794
0.37858
0.031386
0.014031
0.011433
0.0071267
0.01423
0.031953
0.051853
0.19941
0.19073
0.085306
0.025394
0.016074
0.025307
0.014062
0.036682
0.065821
0.19181
0.25286
0.11642
0.050236
0.036435
0.024439
0.015349
0.0050179
0.038323
0.63205
0.48053
0.039839
0.01781
0.014513
0.018128
0.026159
0.054472
0.034059
0.21144
0.3066
0.087098
0.0081433
0.027
0.03381
0.018787
0.049008
0.087939
0.25627
0.33782
0.15554
0.067116
0.048677
0.0073778
0.07667
0.14898
0.17517
0.44541
0.4356
0.077277
0.0065052
0.00096081
0.024219
0.034949
0.072775
0.045504
0.28249
0.40962
0.11637
0.01088
0.036073
0.045814
0.10827
0.058586
0.027468
0.032299
0.12983
0.10543
0.065346
0.038986
0.0063975
0.066482
0.12919
0.15189
0.38622
0.37772
0.067009
0.0056408
0.00083314
0.0055957
0.0052351
0.014408
0.03464
0.58676
0.39621
0.15709
0.052083
0.0060113
0.039726
0.093886
0.050801
0.023818
0.028007
0.11258
0.091422
0.056662
0.033806
0.07426
0.032188
0.028804
0.083476
0.1979
0.1778
0.060741
0.020835
0.017163
0.0054654
0.0051132
0.014073
0.033834
0.5731
0.38698
0.15344
0.050871
0.0058714
0.011054
0.042119
0.049109
0.095493
0.4732
0.29531
0.13468
0.054644
0.03652
0.072531
0.031438
0.028133
0.081532
0.1933
0.17366
0.059327
0.02035
0.016763
0.014479
0.071834
0.078351
0.08986
0.16364
0.081188
0.037674
0.078651
0.035309
0.0064106
0.0083565
0.05102
0.070153
0.13581
0.16637
0.021043
0.013975
0.0099384
0.003677
0.006423
0.025316
0.042854
0.29432
0.34938
0.078011
0.013431
0.0015048
0.011587
0.0087676
0.010823
0.063162
0.54048
0.36639
0.053879
0.026973
0.0074193
0.032691
0.03044
0.0045428
0.037036
0.40282
0.34497
0.062661
0.044755
0.055417
0.0034751
0.0060704
0.023926
0.040501
0.27816
0.3302
0.073729
0.012694
0.0014222
0.03941
0.026646
0.022469
0.23431
0.40391
0.28795
0.01212
0.014731
0.027679
0.030897
0.028769
0.0042934
0.035003
0.3807
0.32604
0.059221
0.042298
0.052375
0.017733
0.010335
0.042623
0.18274
0.34256
0.28565
0.059166
0.019263
0.011317
0.037916
0.025635
0.021617
0.22542
0.38859
0.27703
0.011661
0.014172
0.026629
0.0069259
0.014174
0.022938
0.095377
0.5468
0.38924
0.071473
0.013353
0.00056306
0.017061
0.0099431
0.041007
0.17581
0.32957
0.27482
0.056922
0.018533
0.010888
0.04262
0.040108
0.034846
0.042706
0.081394
0.1148
0.058334
0.029603
0.028204
0.0057949
0.011859
0.019192
0.079802
0.45751
0.32568
0.059801
0.011173
0.00047112
0.012971
0.009308
0.032849
0.274
0.23722
0.21266
0.16676
0.062068
0.033259
0.03566
0.033558
0.029156
0.035732
0.068102
0.096055
0.048808
0.024769
0.023599
0.011147
0.0093373
0.011513
0.037502
0.055316
0.34976
0.53799
0.15671
0.015929
0.010305
0.0073954
0.026099
0.2177
0.18847
0.16897
0.1325
0.049315
0.026425
0.024124
0.044304
0.13115
0.24969
0.18473
0.060756
0.052355
0.061972
0.013217
0.0088563
0.0074187
0.0091471
0.029796
0.04395
0.27789
0.42745
0.12451
0.012656
0.098372
0.047285
0.14969
0.20214
0.23631
0.51498
0.22104
0.090506
0.091805
0.020488
0.037627
0.11139
0.21206
0.15688
0.051599
0.044465
0.052631
0.011225
0.071615
0.098806
0.1366
0.047899
0.059273
0.04757
0.17589
0.2669
0.2099
0.083546
0.040159
0.12713
0.17168
0.2007
0.43737
0.18773
0.076865
0.077968
0.068938
0.07281
0.31468
0.42552
0.17395
0.23145
0.10347
0.048633
0.027003
0.074246
0.10244
0.14161
0.049658
0.06145
0.049317
0.18235
0.2767
0.21761
0.013278
0.0083395
0.0027263
0.020821
0.3434
0.26108
0.021645
0.0096765
0.0078848
0.07147
0.075484
0.32624
0.44114
0.18034
0.23995
0.10727
0.050419
0.027995
0
0.0030631
0.066068
0.24635
0.34817
0.085724
0.016424
0.0050941
0.00040264
0.018167
0.01141
0.00373
0.028487
0.46983
0.3572
0.029614
0.013239
0.010788
0.013475
0.019445
0.040491
0.025318
0.15717
0.22791
0.064744
0.0060533
0.02007
0
0.0041908
0.090393
0.33704
0.47636
0.11729
0.02247
0.0069697
0.00055088
0.0013365
0.00093552
0.0044277
0.021367
0.28616
0.33882
0.069492
0.0078875
0.0051649
0.0176
0.025397
0.052885
0.033068
0.20528
0.29767
0.084562
0.0079061
0.026214
0.033293
0.078681
0.042574
0.019961
0.023471
0.094348
0.076616
0.047486
0.028331
0.0017455
0.0012219
0.005783
0.027907
0.37375
0.44253
0.090763
0.010302
0.0067459
0.011529
0.00069821
0.0034698
0.021428
0.50689
0.4669
0.085305
0.025735
0.020314
0.0299
0.070662
0.038234
0.017926
0.021079
0.084731
0.068807
0.042646
0.025443
0.055891
0.024226
0.021679
0.062827
0.14895
0.13382
0.045716
0.015681
0.012918
0.010354
0.00062705
0.0031161
0.019244
0.45523
0.41932
0.07661
0.023112
0.018243
0.00043242
0.0023574
0.010777
0.052463
0.61237
0.396
0.039351
0.014867
0.006969
0.059449
0.025768
0.023059
0.066827
0.15843
0.14234
0.048626
0.016679
0.01374
0.011868
0.058878
0.064219
0.073652
0.13413
0.066545
0.030879
0.064465
0.02894
0.00045995
0.0025075
0.011463
0.055803
0.65135
0.42121
0.041856
0.015813
0.0074127
0.0065929
0.0074556
0.025241
0.069816
0.36104
0.39484
0.045349
0.0056551
0.01243
0.010732
0.0081206
0.010024
0.058501
0.5006
0.33936
0.049904
0.024983
0.0068719
0.030279
0.028194
0.0042075
0.034303
0.37309
0.31952
0.058037
0.041452
0.051328
0.0052552
0.0041875
0.003932
0.055596
0.39146
0.11452
0.029734
0.010624
0.0027981
0.0038204
0.016919
0.013753
0.033943
0.24715
0.32371
0.19107
0.030492
0
0.030065
0.027994
0.0041778
0.03406
0.37045
0.31726
0.057626
0.041159
0.050965
0.017256
0.010057
0.041476
0.17782
0.33334
0.27796
0.057573
0.018744
0.011012
0.0037934
0.016799
0.013656
0.033703
0.2454
0.32142
0.18972
0.030276
0
0.0020806
0.0038271
0.0081757
0.048562
0.46676
0.31392
0.067706
0.015292
0
0.016785
0.0097826
0.040345
0.17297
0.32425
0.27038
0.056004
0.018233
0.010712
0.041932
0.03946
0.034284
0.042016
0.08008
0.11295
0.057392
0.029126
0.027749
0.0020238
0.0037228
0.0079528
0.047238
0.45404
0.30537
0.06586
0.014875
0
0
0
0.0049552
0.0083843
0.30136
0.57908
0.15093
0.02323
0.0084937
0.024945
0.023475
0.020395
0.024995
0.047639
0.067192
0.034142
0.017327
0.016508
0.0077973
0.0065316
0.0080533
0.026233
0.038694
0.24466
0.37634
0.10962
0.011142
0
0
0.0029478
0.0049878
0.17928
0.34449
0.089787
0.013819
0.0050528
0.011899
0.0082716
0.0046367
0.018382
0.033501
0.13347
0.28173
0.67495
0.24438
0.0064856
0.0054328
0.0066986
0.02182
0.032185
0.20351
0.31303
0.091178
0.009268
0.07204
0.034628
0.10962
0.14803
0.17306
0.37713
0.16187
0.066279
0.06723
0.0098972
0.0068801
0.0038567
0.015289
0.027865
0.11102
0.23434
0.56141
0.20327
0.015209
0.010863
0.014234
0.072382
0.12439
0.30274
0.24335
0.07513
0.016529
0.077557
0.03728
0.11802
0.15937
0.18631
0.40602
0.17427
0.071356
0.072379
0.063997
0.067591
0.29213
0.39501
0.16148
0.21486
0.096051
0.045147
0.025068
0.016374
0.011695
0.015325
0.077925
0.13392
0.32593
0.26199
0.080885
0.017794
0.023675
0.068557
0.37304
0.1509
0.031928
0.035522
0.044728
0.025494
0.01831
0.068962
0.072836
0.31479
0.42566
0.17401
0.23153
0.1035
0.04865
0.027013
0
0.0029556
0.06375
0.2377
0.33595
0.082716
0.015847
0.0049153
0.00038851
0.025512
0.073876
0.40199
0.16261
0.034405
0.038278
0.048199
0.027473
0.019731
0.24077
0.33758
0.21574
0.093818
0.057404
0.015934
0.0066782
0
0.016457
0
0.004034
0.087009
0.32443
0.45853
0.1129
0.021629
0.0067087
0.00053026
0.0012864
0.0009005
0.004262
0.020567
0.27544
0.32613
0.066891
0.0075922
0.0049716
0.32862
0.46075
0.29445
0.12805
0.078348
0.021747
0.0091148
0
0.022462
0.011199
0.0037836
0.0050577
0.11133
0.1733
0.050101
0.02266
0.011164
0.010196
0.001771
0.0012397
0.0058675
0.028315
0.3792
0.44899
0.092089
0.010452
0.0068444
0.011697
0.00070841
0.0035204
0.021741
0.5143
0.47372
0.086551
0.02611
0.020611
0.015418
0.005209
0.0069629
0.15327
0.23858
0.068974
0.031197
0.015369
0.014037
0.0061701
0.0098123
0.0085797
0.011565
0.12643
0.17065
0.10727
0.048899
0.027777
0.010432
0.00063182
0.0031398
0.01939
0.45869
0.42251
0.077194
0.023288
0.018382
0.00043571
0.0023753
0.010859
0.052863
0.61703
0.39902
0.039651
0.01498
0.0070221
0.0055031
0.0087515
0.0076521
0.010314
0.11276
0.1522
0.095669
0.043612
0.024774
0.00303
0.0063
0.029901
0.039062
0.069024
0.046845
0.039055
0.015276
0.0067632
0.00047138
0.0025698
0.011748
0.05719
0.66755
0.43168
0.042897
0.016207
0.007597
0.0067568
0.0076409
0.025869
0.071551
0.37002
0.40465
0.046477
0.0057957
0.012739
0.0032781
0.0068158
0.032349
0.04226
0.074675
0.050681
0.042253
0.016526
0.0073169
0.0028459
0.0066472
0.036866
0.10681
0.13301
0.091735
0.032212
0.010765
0.017947
0.0073392
0.005848
0.0054912
0.077643
0.54669
0.15993
0.041525
0.014837
0.0039077
0.0053354
0.023628
0.019207
0.047403
0.34515
0.45208
0.26684
0.042584
0
0.021972
0.047252
0.060384
0.15111
0.33308
0.21272
0.015471
0.012066
0.0082137
0.015729
0.015843
0.0073686
0.020678
0.10698
0.22491
0.096126
0.089624
0.039996
0.0049537
0.021937
0.017833
0.044011
0.32045
0.41973
0.24775
0.039537
0
0.0027169
0.0049977
0.010676
0.063416
0.60953
0.40994
0.088415
0.019969
0
0.014604
0.014709
0.0068414
0.019198
0.099328
0.20882
0.089248
0.083211
0.037134
0.042201
0.028366
0.034856
0.087119
0.095537
0.10053
0.032404
0.018497
0.029547
0.0022749
0.0041847
0.0089395
0.053099
0.51037
0.34325
0.074031
0.01672
0
0
0
0.0055699
0.0094245
0.33875
0.65092
0.16965
0.026112
0.0095474
0.035335
0.023751
0.029185
0.072945
0.079994
0.084172
0.027132
0.015488
0.02474
0.02862
0.022015
0.043438
0.030306
0.021623
0.067137
0.089097
0.033153
0.061045
0
0
0.0029353
0.0049666
0.17852
0.34302
0.089406
0.013761
0.0050314
0.011848
0.0082365
0.004617
0.018304
0.033359
0.1329
0.28054
0.67208
0.24334
0.015083
0.011601
0.022892
0.015971
0.011395
0.03538
0.046953
0.017471
0.03217
0.1519
0.077498
0.12803
0.20877
0.30823
0.11717
0.074398
0.085849
0.12849
0.0095002
0.0066041
0.003702
0.014676
0.026747
0.10656
0.22494
0.53889
0.19511
0.014599
0.010427
0.013663
0.069478
0.1194
0.2906
0.23359
0.072117
0.015866
0.1218
0.062139
0.10266
0.1674
0.24714
0.093952
0.059654
0.068835
0.10303
0.024951
0.044606
0.037771
0.16098
0.40881
0.22727
0.1077
0.12476
0.14991
0.010879
0.0077703
0.010182
0.051774
0.088976
0.21655
0.17407
0.05374
0.011823
0.01573
0.045549
0.24785
0.10026
0.021213
0.023601
0.029718
0.016938
0.012165
0.018593
0.03324
0.028146
0.11996
0.30464
0.16935
0.080257
0.092968
0.11171
0.011539
0.053859
0.33975
0.71492
0.19185
0.022661
0.0022828
0.012958
0.0044416
0.016735
0.048459
0.26368
0.10666
0.022568
0.025108
0.031616
0.018021
0.012943
0.15793
0.22144
0.14151
0.06154
0.037654
0.010452
0.0043806
0
0.010795
0.012276
0.0573
0.36145
0.7606
0.20411
0.024109
0.0024287
0.013786
0.0047254
0.055643
0.052412
0.074569
0.11047
0.11028
0.060937
0.035471
0.032601
0.13236
0.38188
0.53543
0.34217
0.1488
0.091046
0.025272
0.010592
0
0.026102
0.013015
0.0043969
0.0058774
0.12938
0.20138
0.058221
0.026333
0.012973
0.011849
0.13454
0.12673
0.18031
0.26712
0.26666
0.14734
0.085768
0.078827
0.32005
0.0079843
0.017632
0.042395
0.050944
0.043369
0.035592
0.038894
0.018825
0.0026875
0.036114
0.012201
0.016309
0.35901
0.55883
0.16156
0.073073
0.036
0.03288
0.014452
0.022984
0.020096
0.027088
0.29613
0.39971
0.25125
0.11454
0.065062
0.022156
0.048927
0.11764
0.14137
0.12034
0.098766
0.10793
0.052239
0.0074577
0.028528
0.050633
0.043343
0.078332
0.22034
0.21365
0.10637
0.032789
0.010874
0.017186
0.02733
0.023897
0.032211
0.35213
0.4753
0.29877
0.1362
0.077367
0.0094626
0.019675
0.093378
0.12199
0.21556
0.14629
0.12197
0.047704
0.021121
0.033923
0.060209
0.05154
0.093146
0.26201
0.25406
0.12648
0.03899
0.01293
0.028407
0.043953
0.030126
0.15003
0.3546
0.29647
0.1189
0.051509
0.023077
0.0098965
0.020577
0.097659
0.12758
0.22544
0.153
0.12756
0.049892
0.022089
0.0085916
0.020068
0.1113
0.32245
0.40156
0.27695
0.097247
0.0325
0.054182
0.029709
0.045969
0.031507
0.15691
0.37086
0.31006
0.12435
0.053871
0.024135
0
0.030631
0.069812
0.18735
0.28268
0.29642
0.12275
0.083206
0.0064152
0.028398
0.061072
0.078045
0.1953
0.43049
0.27494
0.019996
0.015595
0.010616
0.020329
0.020477
0.0095237
0.026726
0.13827
0.29069
0.12424
0.11584
0.051693
0.071726
0.16788
0.16574
0.35696
0.26458
0.39118
0.25965
0.090042
0.099061
0.035856
0.032672
0.038662
0.082855
0.14344
0.1236
0.093379
0.017949
0.024403
0.038635
0.038915
0.018099
0.050791
0.26278
0.55245
0.23611
0.22014
0.098241
0.11165
0.075044
0.092215
0.23048
0.25275
0.26595
0.085728
0.048935
0.07817
0.068143
0.062093
0.073475
0.15746
0.27261
0.23489
0.17746
0.034112
0.046376
0.045877
0.045526
0.069425
0.12401
0.14405
0.14469
0.059057
0.04779
0.031002
0.12034
0.080885
0.099393
0.24842
0.27243
0.28665
0.092401
0.052744
0.084255
0.097469
0.074972
0.14793
0.10321
0.073638
0.22864
0.30343
0.11291
0.20789
0.049448
0.04907
0.074829
0.13367
0.15527
0.15595
0.063654
0.05151
0.033415
0.033454
0.12265
0.16278
0.33053
0.40734
0.27274
0.038799
0.023222
0.018912
0.020598
0.015844
0.031263
0.021811
0.015562
0.048319
0.064124
0.023861
0.043935
0.20745
0.10584
0.17485
0.28512
0.42094
0.16003
0.10161
0.11724
0.17548
0.0070699
0.025919
0.034402
0.069851
0.086084
0.057639
0.0081996
0.0049076
0.0039968
0.64304
0.070835
0.054126
0.11401
0.11586
0.032346
0.010251
0.0068429
0.31339
0.14913
0.076085
0.1257
0.20496
0.3026
0.11504
0.073042
0.084283
0.12615
0.030551
0.054617
0.046248
0.19711
0.50056
0.27827
0.13187
0.15276
0.18355
0.46227
0.050921
0.03891
0.081955
0.083289
0.023253
0.0073692
0.0049192
0.22529
0.19522
0.045788
0.028753
0.024896
0.021206
0.020063
0.0045173
0.016193
0.089862
0.019895
0.035568
0.030118
0.12836
0.32598
0.18122
0.085879
0.09948
0.11953
0.012347
0.057632
0.36354
0.765
0.20529
0.024249
0.0024427
0.013866
0.0047528
0.12713
0.029819
0.018725
0.016213
0.01381
0.013065
0.0029418
0.010545
0.058521
0.053404
0.010263
0.02526
0.0057563
0.037157
0.059862
0.084526
0.08397
0.045985
0.012573
0.058686
0.3702
0.779
0.20904
0.024693
0.0024874
0.014119
0.0048397
0.056989
0.053679
0.076373
0.11315
0.11295
0.062412
0.036329
0.033389
0.13556
0.054382
0.010451
0.025722
0.0058616
0.037837
0.060958
0.086072
0.085506
0.046826
0.066311
0
0.0012309
0.0068256
0.014181
0.030633
0.027608
0.084773
0.32617
0.13072
0.12313
0.17518
0.25952
0.25908
0.14315
0.08333
0.076586
0.31095
0.0077573
0.01713
0.04119
0.049496
0.042135
0.03458
0.037788
0.01829
0.0026111
0.1521
0
0.0028232
0.015656
0.032527
0.070265
0.063325
0.19445
0.74815
0.00019956
0.0028505
0.035781
0.063682
0.094587
0.12797
0.041591
0.0063175
0
0.025955
0.057316
0.13782
0.16561
0.14098
0.1157
0.12643
0.061197
0.0087365
0.03342
0.059316
0.050776
0.091764
0.25813
0.25029
0.12461
0.038411
0.012739
0.0006677
0.0095375
0.11972
0.21307
0.31648
0.42818
0.13916
0.021138
0
0.010788
0.0057351
0.036091
0.17423
0.35782
0.41118
0.20209
0.039324
0.0068035
0.027785
0.049314
0.042214
0.076291
0.2146
0.20808
0.1036
0.031934
0.010591
0.023266
0.036
0.024675
0.12288
0.29043
0.24282
0.097384
0.042188
0.018901
0.0089687
0.004768
0.030006
0.14485
0.29749
0.34185
0.16802
0.032693
0.0056563
0.020525
0.018626
0.090448
0.22067
0.52105
0.34871
0.075693
0.046708
0.013474
0.020621
0.031907
0.021869
0.10891
0.25741
0.21521
0.086313
0.037392
0.016752
0
0.021261
0.048457
0.13004
0.19621
0.20575
0.085202
0.057753
0.0044528
0.018192
0.016508
0.080165
0.19558
0.46181
0.30906
0.067088
0.041398
0.011942
0
0.0011699
0.083313
0.15302
0.5426
0.25869
0.032388
0.013495
0.0024848
0.078614
0.184
0.18166
0.39124
0.28998
0.42874
0.28458
0.098689
0.10857
0.039299
0.03581
0.042374
0.090811
0.15722
0.13547
0.10235
0.019673
0.026746
0.093167
0.040005
0.094578
0.21778
0.3431
0.17078
0.080399
0.057794
0.033741
0.031958
0.026701
0.027551
0.16624
0.20691
0.15165
0.10573
0.056988
0.033409
0.07003
0.063812
0.075511
0.16182
0.28016
0.2414
0.18238
0.035056
0.047661
0.047147
0.046787
0.071347
0.12745
0.14804
0.14869
0.060692
0.049113
0.031861
0.056948
0.047581
0.049095
0.29623
0.36871
0.27023
0.18842
0.10155
0.059535
0.024494
0.045197
0.03578
0.11019
0.16914
0.47016
0.27059
0.12198
0.030164
0.044789
0.044447
0.067779
0.12108
0.14064
0.14126
0.057657
0.046657
0.030267
0.030302
0.11109
0.14745
0.29939
0.36896
0.24705
0.035144
0.021034
0.017131
0.023269
0.042937
0.03399
0.10468
0.16068
0.44665
0.25706
0.11588
0.028655
0.085351
0.04169
0.028535
0.10851
0.39679
0.28117
0.12127
0.11408
0.029564
0.0075604
0.027718
0.036788
0.074698
0.092056
0.061638
0.0087685
0.0052481
0.0042741
0.68766
0.07575
0.057881
0.12192
0.1239
0.034591
0.010962
0.0073176
0.33513
0.021295
0.010402
0.0071193
0.027074
0.098998
0.070151
0.030256
0.028464
0.0073763
0.49028
0.13983
0.10369
0.050635
0.14645
0.032079
0.0027693
0.0031423
0.20101
0.58169
0.064076
0.048962
0.10313
0.10481
0.02926
0.0092729
0.00619
0.28349
0.24565
0.057618
0.036182
0.031328
0.026685
0.025246
0.0056843
0.020376
0.11308
0.41472
0.11828
0.087713
0.042832
0.12388
0.027136
0.0023425
0.0026581
0.17003
0.3427
0.28911
0.042199
0.031249
0.028751
0.0061176
0.027573
0.039027
0.15548
0.26326
0.061747
0.038775
0.033573
0.028597
0.027055
0.0060917
0.021837
0.12118
0.11059
0.021252
0.052308
0.01192
0.076943
0.12396
0.17503
0.17388
0.095223
0.36727
0.30983
0.045224
0.033489
0.030811
0.006556
0.029549
0.041824
0.16662
0.28308
0.18754
0.047243
0.079926
0.018593
0.016842
0.025251
0.075127
0.63597
0.092533
0.017782
0.043768
0.0099738
0.064382
0.10372
0.14646
0.14549
0.079677
0.11283
0
0.0020944
0.011614
0.02413
0.052124
0.046976
0.14425
0.555
0.23686
0.15692
0.03953
0.066877
0.015557
0.014092
0.021128
0.062862
0.53214
0.030323
0
0.0042863
0.065559
0.26687
0.15649
0.031726
0.21632
0.23348
0.13338
0
0.0024758
0.013729
0.028525
0.061618
0.055532
0.17052
0.65608
0.000175
0.0024997
0.031378
0.055845
0.082947
0.11222
0.036473
0.0055401
0
0.035845
0
0.0050669
0.0775
0.31547
0.18499
0.037505
0.25571
0.276
0
0
0.00022944
0.026123
0.35388
0.28229
0.014985
0.0021312
0
0.00026707
0.0038148
0.047885
0.085225
0.12658
0.17126
0.055661
0.0084546
0
0.0043148
0.0022939
0.014436
0.069689
0.14312
0.16446
0.080833
0.015729
0.0027212
0
0
0.00035015
0.039865
0.54005
0.4308
0.022869
0.0032525
0
0.00043615
0.0087784
0.0085344
0.044584
0.49821
0.38846
0.043129
0.00038875
0.0042288
0.0045101
0.0023977
0.015089
0.072843
0.1496
0.17191
0.084491
0.01644
0.0028444
0.010322
0.0093663
0.045484
0.11097
0.26202
0.17535
0.038064
0.023488
0.0067758
0.00045589
0.0091757
0.0089206
0.046602
0.52076
0.40604
0.045081
0.00040634
0.0044202
0.0088528
0.020827
0.012785
0.086621
0.46256
0.38992
0.065016
0.011355
0.0091274
0.012189
0.01106
0.053711
0.13104
0.30942
0.20707
0.044949
0.027737
0.0080014
0
0.00078385
0.055821
0.10253
0.36354
0.17333
0.0217
0.0090417
0.0016648
0.010454
0.024595
0.015098
0.10229
0.54623
0.46045
0.076776
0.013409
0.010778
0.0032546
0.0020237
0.0084925
0.08773
0.26772
0.22677
0.041499
0.03073
0.016998
0.063838
0.027411
0.064805
0.14922
0.23509
0.11702
0.055089
0.0396
0.023119
0.021898
0.018296
0.018878
0.1139
0.14177
0.10391
0.07245
0.039048
0.022892
0
0
0.015426
0.11227
0.51406
0.20724
0.03736
0.022321
0.00016461
0.0012384
0.0015269
0
0.031233
0.55077
0.46293
0.023169
0.033773
0.0032964
0.022282
0.018617
0.019209
0.1159
0.14426
0.10573
0.07372
0.039733
0.023294
0.0095836
0.017684
0.013999
0.043113
0.066176
0.18395
0.10587
0.047724
0.011802
0.0012601
0.0015537
0
0.03178
0.56043
0.47105
0.023576
0.034365
0.0033542
0.0094478
0.012219
0.022964
0.10527
0.49152
0.30977
0.04959
0.028649
0.009767
0.010238
0.018892
0.014955
0.046058
0.070697
0.19652
0.1131
0.050984
0.012608
0.037554
0.018343
0.012555
0.047744
0.17458
0.12371
0.053356
0.050196
0.013008
0.010093
0.013054
0.024533
0.11247
0.5251
0.33094
0.052978
0.030606
0.010434
0.0057524
0.0035891
0.032133
0.077996
0.52184
0.44483
0.044259
0.021149
0.011755
0.026894
0.013136
0.0089912
0.034192
0.12503
0.088596
0.038211
0.035948
0.0093157
0.61918
0.17659
0.13096
0.063948
0.18496
0.040513
0.0034974
0.0039685
0.25386
0.0041196
0.0025703
0.023012
0.055857
0.37371
0.31857
0.031696
0.015146
0.0084184
0.0015464
0.01443
0.079884
0.074222
0.32611
0.25893
0.049497
0.02019
0.030534
0.22964
0.065494
0.048568
0.023717
0.068596
0.015025
0.0012971
0.0014718
0.094149
0.18976
0.16008
0.023366
0.017303
0.01592
0.0033874
0.015268
0.02161
0.086089
0.00057352
0.0053518
0.029627
0.027527
0.12095
0.09603
0.018357
0.0074878
0.011324
0.87979
0.2074
0.031822
0.014386
0.033113
0.018507
0.02305
0.024013
0.092438
0.14798
0.12484
0.018221
0.013493
0.012414
0.0026415
0.011906
0.016852
0.067133
0.11406
0.075564
0.019035
0.032203
0.0074914
0.0067859
0.010174
0.03027
0.25624
0.68607
0.16173
0.024815
0.011218
0.025822
0.014432
0.017974
0.018725
0.072084
0.18927
0.014634
0.0075584
0.0025223
0
0
0
0.08294
0.56806
0.16047
0.10632
0.026782
0.045309
0.01054
0.0095476
0.014315
0.042589
0.36053
0.020544
0
0.002904
0.044417
0.1808
0.10602
0.021495
0.14655
0.15818
0.26629
0.02059
0.010635
0.0035489
0
0
0
0.1167
0.79925
0.022169
0.013405
0.001457
0.015787
0.072817
0.064093
0.013182
0.011021
0.012947
0.049322
0
0.0069719
0.10664
0.43407
0.25454
0.051605
0.35185
0.37976
0
0
0.0003157
0.035944
0.48692
0.38842
0.020619
0.0029325
0
0.053224
0.032182
0.0034981
0.037902
0.17482
0.15387
0.031647
0.026458
0.031082
0.0078092
0.0077581
0.03768
0.058856
0.064351
0.032815
0.0065995
0.0042532
0.0077076
0
0
0.0003689
0.042001
0.56898
0.45387
0.024094
0.0034267
0
0.00045952
0.0092487
0.0089915
0.046972
0.5249
0.40927
0.04544
0.00040957
0.0044554
0.0091252
0.0090655
0.04403
0.068774
0.075196
0.038344
0.0077117
0.0049699
0.0090064
0.022101
0.018091
0.032472
0.025837
0.028775
0.038505
0.015857
0.027794
0.020747
0.00049562
0.0099754
0.009698
0.050663
0.56615
0.44142
0.04901
0.00044175
0.0048054
0.0096243
0.022642
0.013899
0.09417
0.50287
0.4239
0.070681
0.012344
0.0099228
0.023838
0.019513
0.035023
0.027867
0.031036
0.041531
0.017103
0.029978
0.022377
0.02059
0.016689
0.018291
0.022432
0.069712
0.11702
0.063816
0.013261
0.01689
0.012286
0.028904
0.017743
0.12021
0.64195
0.54113
0.09023
0.015758
0.012667
0.0038249
0.0023784
0.0099808
0.1031
0.31464
0.26651
0.048771
0.036115
0.019976
0.026285
0.021305
0.02335
0.028636
0.088992
0.14939
0.081466
0.016929
0.021561
0.0027007
0.00068285
0.011595
0.099321
0.17144
0.079161
0.0059459
0.0087689
0.0027314
0
0
0.016231
0.11813
0.54089
0.21805
0.039309
0.023486
0.0001732
0.001303
0.0016066
0
0.032863
0.57952
0.48709
0.024378
0.035536
0.0034684
0.0027578
0.0016066
0.0092509
0.051579
0.1475
0.10095
0.041912
0.013699
0.0070494
0.019332
0.010013
0.034287
0.029972
0.13141
0.083279
0.059047
0.019102
0.015078
0.0013044
0.0016083
0
0.032899
0.58016
0.48763
0.024406
0.035575
0.0034722
0.0097803
0.012649
0.023773
0.10898
0.50882
0.32068
0.051335
0.029657
0.010111
0.019353
0.010024
0.034325
0.030005
0.13155
0.083371
0.059112
0.019123
0.015094
0.041976
0.040552
0.022017
0.035446
0.038362
0.067122
0.034102
0.024173
0.029278
0.010578
0.013681
0.025712
0.11787
0.55033
0.34684
0.055523
0.032077
0.010936
0.0060288
0.0037616
0.033677
0.081744
0.54691
0.46621
0.046386
0.022165
0.01232
0.0454
0.04386
0.023813
0.038338
0.041491
0.072598
0.036884
0.026145
0.031666
0.011109
0.03123
0.034103
0.033228
0.063769
0.073872
0.039911
0.0060408
0.0070759
0.0061142
0.0038149
0.034154
0.082902
0.55466
0.47281
0.047043
0.022479
0.012494
0.0022951
0.021417
0.11856
0.11016
0.48401
0.3843
0.073463
0.029965
0.045318
0.011266
0.031672
0.034586
0.033698
0.064672
0.074918
0.040476
0.0061264
0.0071761
0.035097
0.089447
0.076052
0.070644
0.030052
0.057649
0.034693
0.017415
0.012823
0.00045945
0.0042874
0.023735
0.022053
0.096891
0.076931
0.014706
0.0059986
0.0090721
0.70482
0.16615
0.025493
0.011525
0.026528
0.014826
0.018465
0.019237
0.074053
0.0070259
0.017906
0.015225
0.014142
0.006016
0.011541
0.0069451
0.0034863
0.0025669
0.63737
0.20111
0.030813
0.0076585
0.0099182
0.0051215
0.015395
0.007463
0.043267
0.53628
0.12642
0.019397
0.0087687
0.020184
0.011281
0.01405
0.014637
0.056345
0.14794
0.011439
0.0059081
0.0019716
0
0
0
0.064831
0.44403
0.48496
0.15302
0.023445
0.0058271
0.0075465
0.0038969
0.011714
0.0056784
0.032921
0.38298
0.030218
0.0031224
0.002623
0.0070152
0.0060412
0.0052314
0.055548
0.23899
0.22417
0.017333
0.0089522
0.0029875
0
0
0
0.098234
0.67281
0.018662
0.011284
0.0012265
0.01329
0.061297
0.053954
0.011096
0.0092772
0.010899
0.5803
0.045787
0.0047312
0.0039745
0.01063
0.0091538
0.0079268
0.084168
0.36213
0.0079479
0.011016
0.0056294
0.018717
0.018489
0.030802
0.011871
0.0031084
0.0035199
0.16383
0.09906
0.010768
0.11667
0.53811
0.47364
0.097412
0.081442
0.095675
0.024038
0.02388
0.11598
0.18116
0.19808
0.10101
0.020314
0.013092
0.023725
0.069772
0.096707
0.049419
0.16431
0.16231
0.2704
0.10421
0.027288
0.0309
0
0.0053945
0.064716
0.15094
0.28967
0.19666
0.060336
0.052588
0.027717
0.036973
0.036731
0.1784
0.27866
0.30467
0.15536
0.031246
0.020137
0.036492
0.089548
0.073302
0.13157
0.10469
0.11659
0.15601
0.064248
0.11261
0.084062
0
0.0082975
0.099543
0.23216
0.44555
0.30249
0.092805
0.080888
0.042633
0.029781
0.045708
0.14364
0.3095
0.34829
0.18845
0.12171
0.034216
0.039913
0.0911
0.074573
0.13385
0.1065
0.11861
0.15872
0.065361
0.11457
0.085519
0.078689
0.063781
0.069904
0.085729
0.26642
0.44723
0.24389
0.05068
0.064547
0.030297
0.0465
0.14613
0.31487
0.35433
0.19172
0.12381
0.034809
0.040605
0.07948
0.037009
0.069247
0.12325
0.27054
0.34885
0.054731
0.047338
0.036533
0.073973
0.059959
0.065715
0.080591
0.25045
0.42043
0.22927
0.047643
0.060679
0.0076008
0.0019218
0.032632
0.27952
0.48249
0.22278
0.016734
0.024678
0.007687
0.074717
0.034792
0.065097
0.11586
0.25433
0.32794
0.051451
0.044501
0.034343
0.027056
0.037851
0.039914
0.061579
0.21406
0.23595
0.087461
0.015574
0.0074386
0.0092723
0.0054017
0.031104
0.17342
0.49592
0.33942
0.14092
0.046058
0.023702
0.064999
0.033666
0.11528
0.10077
0.44183
0.28
0.19853
0.064226
0.050695
0.026525
0.0024457
0.038815
0.10011
0.2335
0.18464
0.15738
0.073554
0.10259
0.092882
0.039613
0.13596
0.12163
0.13609
0.063994
0.05871
0.12297
0.10207
0.0749
0.038794
0.13284
0.11612
0.50913
0.32266
0.22877
0.074009
0.058417
0.16245
0.15694
0.085208
0.13718
0.14846
0.25977
0.13198
0.093554
0.11331
0.10703
0.045647
0.15667
0.14016
0.15682
0.073742
0.067654
0.1417
0.11762
0.16772
0.14155
0.19886
0.12302
0.19569
0.10783
0.11335
0.11739
0.16103
0.16156
0.15608
0.084741
0.13643
0.14765
0.25835
0.13126
0.093042
0.11269
0.039531
0.11114
0.12136
0.11824
0.22693
0.26288
0.14203
0.021497
0.02518
0.1668
0.14077
0.19777
0.12235
0.19462
0.10724
0.11273
0.11675
0.16015
0.10704
0.055493
0.087629
0.1734
0.3967
0.32566
0.26987
0.098184
0.10416
0.038663
0.1087
0.11869
0.11565
0.22195
0.25711
0.13891
0.021025
0.024627
0.12045
0.30697
0.261
0.24244
0.10313
0.19785
0.11906
0.059768
0.044006
0.10469
0.054275
0.085705
0.16959
0.38799
0.31851
0.26394
0.096028
0.10187
0.065348
0.041783
0.048026
0.1399
0.21223
0.097827
0.057938
0.14764
0.13961
0.0074835
0.019072
0.016216
0.015063
0.0064078
0.012292
0.0073973
0.0037134
0.0027341
0.67887
0.21421
0.03282
0.0081572
0.010564
0.0054551
0.016397
0.007949
0.046085
0.0040601
0.002596
0.0029839
0.0086917
0.013186
0.006078
0.0035997
0.0091729
0.0086739
0.65113
0.10564
0.017033
0.00763
0.010733
0.0067938
0.014029
0.010157
0.22779
0.47972
0.15137
0.023192
0.0057643
0.0074651
0.0038548
0.011587
0.0056171
0.032566
0.37884
0.029892
0.0030887
0.0025947
0.0069395
0.005976
0.0051749
0.054948
0.23641
0.46012
0.07465
0.012036
0.0053917
0.0075842
0.0048008
0.0099137
0.0071774
0.16097
0.53818
0.069325
0.0011877
0.0018207
0.0025363
0.00036251
0.00052865
0.00039258
0.059793
0.53308
0.042061
0.0043462
0.003651
0.0097647
0.0084089
0.0072818
0.077319
0.33266
0.0073011
0.01012
0.0051713
0.017194
0.016985
0.028295
0.010905
0.0028555
0.0032335
0.75728
0.097549
0.0016712
0.0025619
0.0035689
0.00051009
0.00074388
0.00055241
0.084136
0.03591
0.060263
0.01186
0.0092341
0.0017194
0.0050451
0.0053296
0.0093714
0.0089377
0.075021
0.10398
0.053136
0.17667
0.17452
0.29074
0.11205
0.029341
0.033225
0
0.0058003
0.069585
0.16229
0.31146
0.21145
0.064875
0.056544
0.029802
0.36899
0.61922
0.12187
0.094883
0.017667
0.051839
0.054763
0.096294
0.091837
0.072008
0.049662
0.052817
0.076886
0.051446
0.071558
0.11737
0.15942
0.091272
0
0.0086761
0.10409
0.24276
0.46588
0.31629
0.09704
0.084579
0.044578
0.03114
0.047793
0.1502
0.32363
0.36418
0.19705
0.12726
0.035778
0.041735
0.10771
0.074284
0.079004
0.11501
0.076953
0.10704
0.17556
0.23846
0.13653
0.087689
0.15168
0.12478
0.12997
0.14613
0.10006
0.084992
0.071375
0.078512
0.034333
0.052694
0.1656
0.35681
0.40153
0.21726
0.14031
0.039446
0.046014
0.090068
0.04194
0.078472
0.13967
0.30658
0.39532
0.062021
0.053644
0.041399
0.09668
0.16724
0.13758
0.1433
0.16112
0.11032
0.093707
0.078694
0.086563
0.071276
0.084303
0.13583
0.27062
0.21794
0.08834
0.059432
0.043649
0.11528
0.10229
0.047629
0.089116
0.15861
0.34817
0.44894
0.070435
0.060921
0.047015
0.037039
0.051817
0.054641
0.0843
0.29305
0.323
0.11973
0.02132
0.010183
0.080945
0.095739
0.15426
0.30733
0.2475
0.10032
0.067494
0.04957
0.13092
0.047893
0.1542
0.058868
0.095235
0.2148
0.21211
0.16017
0.12014
0.044632
0.042721
0.0039389
0.062515
0.16124
0.37607
0.29738
0.25347
0.11846
0.16523
0.14959
0.063799
0.21897
0.1959
0.21918
0.10307
0.094557
0.19805
0.16439
0.064373
0.053513
0.10899
0.087727
0.098113
0.27159
0.24795
0.073442
0.060431
0.032493
0.05782
0.11315
0.17355
0.22915
0.26532
0.18152
0.032904
0.037996
0.14711
0.062739
0.21533
0.19264
0.21554
0.10135
0.092985
0.19475
0.16166
0.23052
0.19454
0.27332
0.16908
0.26897
0.14821
0.15579
0.16135
0.22132
0.031953
0.056859
0.11127
0.17067
0.22534
0.26091
0.1785
0.032357
0.037364
0.097774
0.15837
0.15454
0.11679
0.13171
0.027313
0.20294
0.15843
0.13483
0.18968
0.16007
0.22489
0.13913
0.22131
0.12195
0.12818
0.13276
0.18211
0.12172
0.063103
0.099645
0.19718
0.4511
0.37032
0.30688
0.11165
0.11845
0.08045
0.13031
0.12716
0.096096
0.10837
0.022474
0.16698
0.13036
0.11094
0.091806
0.10242
0.097766
0.13951
0.1321
0.059893
0.060549
0.099202
0.087895
0.1265
0.065584
0.10356
0.20493
0.46883
0.38487
0.31894
0.11604
0.1231
0.078964
0.050489
0.058033
0.16905
0.25644
0.11821
0.07001
0.1784
0.1687
0.095415
0.10645
0.10161
0.145
0.1373
0.062247
0.062929
0.1031
0.09135
0.17564
0.20065
0.072032
0.06885
0.073015
0.14857
0.056622
0.06605
0.17205
0.0043294
0.0027682
0.0031818
0.0092684
0.01406
0.0064812
0.0038385
0.0097815
0.0092493
0.69433
0.11265
0.018163
0.0081362
0.011445
0.0072445
0.01496
0.010831
0.2429
0.0096298
0.011001
0.0039493
0.0037749
0.0040032
0.0081456
0.0031044
0.0036214
0.0094329
0.58717
0.073774
0.0040999
0.0018153
0.0068276
0.0062992
0.012373
0.024141
0.30537
0.51295
0.08322
0.013418
0.0060108
0.008455
0.005352
0.011052
0.0080015
0.17945
0.59997
0.077285
0.0013241
0.0020297
0.0028275
0.00040413
0.00058935
0.00043766
0.066658
0.43378
0.054502
0.0030289
0.0013411
0.005044
0.0046537
0.0091409
0.017835
0.2256
0.21847
0.068822
0.019619
0.0024088
0.0055063
0.0050679
0.020584
0.081901
0.15598
0.84602
0.10898
0.0018671
0.0028622
0.0039871
0.00056986
0.00083105
0.00061714
0.093995
0.040119
0.067325
0.01325
0.010316
0.0019209
0.0056363
0.0059542
0.01047
0.009985
0.30807
0.097047
0.027665
0.0033967
0.0077644
0.0071463
0.029026
0.11549
0.21994
0.20414
0.077112
0.015976
0.0098339
0.0060009
0.0055823
0.004424
0.03413
0.19953
0.12809
0.21495
0.042303
0.032936
0.0061327
0.017995
0.01901
0.033426
0.031879
0.024996
0.017239
0.018334
0.026689
0.017858
0.02484
0.040743
0.055338
0.031683
0.65175
0.24619
0.051007
0.031396
0.019159
0.017823
0.014124
0.10897
0.63704
0.011481
0.011729
0.019726
0.046941
0.089139
0.054871
0.031523
0.023882
0.0095009
0.1292
0.089109
0.094771
0.13796
0.09231
0.1284
0.2106
0.28604
0.16377
0.10519
0.18195
0.14969
0.15591
0.17529
0.12003
0.10195
0.085619
0.09418
0.059345
0.060628
0.10197
0.24264
0.46077
0.28363
0.16294
0.12345
0.049111
0.050176
0.078917
0.23331
0.29706
0.12482
0.081925
0.097456
0.098431
0.02029
0.12159
0.21033
0.17303
0.18022
0.20263
0.13874
0.11785
0.09897
0.10887
0.089641
0.10602
0.17083
0.34035
0.27409
0.1111
0.074745
0.054895
0.14498
0.058001
0.091223
0.26969
0.34338
0.14429
0.0947
0.11265
0.11378
0.023455
0.053556
0.11838
0.13877
0.26998
0.28627
0.18682
0.078112
0.10394
0.015336
0.096611
0.11427
0.18411
0.36682
0.2954
0.11974
0.080557
0.059163
0.15626
0.057162
0.18405
0.070261
0.11367
0.25638
0.25316
0.19117
0.1434
0.05327
0.05772
0.12759
0.14955
0.29097
0.30853
0.20134
0.084185
0.11203
0.016529
0.059294
0.1528
0.11101
0.17176
0.12158
0.13297
0.18625
0.075444
0.06766
0.065638
0.054564
0.11113
0.089451
0.10004
0.27692
0.25282
0.074885
0.061618
0.033132
0.058957
0.11537
0.17696
0.23365
0.27053
0.18509
0.033551
0.038743
0.091107
0.14012
0.13224
0.057649
0.18913
0.17546
0.10988
0.1291
0.062388
0.12811
0.073461
0.1799
0.20069
0.075382
0.22515
0.3575
0.38909
0.14325
0.029968
0.053326
0.10435
0.16006
0.21134
0.24469
0.16741
0.030347
0.035043
0.091698
0.14852
0.14494
0.10953
0.12352
0.025616
0.19033
0.14858
0.12645
0.11587
0.066445
0.16272
0.18152
0.068183
0.20365
0.32335
0.35193
0.12957
0.092424
0.078924
0.17558
0.15734
0.15581
0.24556
0.34392
0.13114
0.11113
0.095922
0.15536
0.15161
0.11458
0.12921
0.026796
0.19909
0.15542
0.13228
0.10946
0.12212
0.11657
0.16634
0.15751
0.07141
0.072193
0.11828
0.1048
0.096681
0.082559
0.18366
0.16458
0.16299
0.25687
0.35976
0.13718
0.11625
0.066142
0.046592
0.17442
0.25871
0.22214
0.27537
0.33387
0.17364
0.040055
0.090059
0.10047
0.095905
0.13686
0.12959
0.058753
0.059397
0.097314
0.086222
0.16578
0.18939
0.067989
0.064985
0.068917
0.14023
0.053444
0.062343
0.16239
0.054419
0.038333
0.1435
0.21285
0.18277
0.22656
0.27469
0.14286
0.032955
0.02465
0.17039
0.16092
0.12129
0.37626
0.37081
0.37081
0.20639
0.045188
0.01234
0.014097
0.0050608
0.0048372
0.0051298
0.010438
0.0039781
0.0046405
0.012088
0.75241
0.094536
0.0052537
0.0023262
0.008749
0.008072
0.015855
0.030935
0.3913
0.0018349
0.012683
0.011978
0.0090284
0.028007
0.027602
0.027601
0.015362
0.0033636
0.27505
0.020796
0
0.0030813
0.0088085
0.027297
0.083544
0.10236
0.41522
0.58331
0.07329
0.004073
0.0018034
0.0067827
0.0062579
0.012292
0.023983
0.30336
0.29378
0.092545
0.026382
0.0032392
0.0074043
0.0068148
0.027679
0.11013
0.20974
0.21323
0.016122
0
0.0023888
0.0068288
0.021162
0.064768
0.079358
0.3219
0.01793
0.028192
0.021525
0.0041956
0.011528
0.083236
0.33422
0.33903
0.11539
0.41865
0.13188
0.037596
0.004616
0.010552
0.0097115
0.039445
0.15695
0.2989
0.27742
0.10479
0.021711
0.013364
0.008155
0.0075862
0.006012
0.046382
0.27116
0.025552
0.040175
0.030675
0.005979
0.016428
0.11862
0.47628
0.48314
0.16444
0.042465
0.016369
0.021795
0.016737
0.026986
0.067602
0.043961
0.043959
0.094128
0.63013
0.23803
0.049315
0.030355
0.018524
0.017232
0.013656
0.10535
0.61592
0.0111
0.01134
0.019072
0.045385
0.086184
0.053051
0.030478
0.02309
0.0091859
0.096458
0.037181
0.049506
0.038018
0.061298
0.15356
0.099855
0.09985
0.21381
0.005366
0.0064121
0.019038
0.065334
0.092512
0.10428
0.071971
0.015869
0.0054355
0.043181
0.044115
0.074194
0.17655
0.33527
0.20638
0.11856
0.089823
0.035734
0.03651
0.057422
0.16976
0.21615
0.090824
0.059611
0.070912
0.071621
0.014764
0.020875
0.024944
0.074062
0.25416
0.35989
0.40567
0.27998
0.061731
0.021145
0.019308
0.10114
0.21275
0.27761
0.25041
0.13305
0.11111
0.059591
0.040622
0.049119
0.077254
0.22839
0.2908
0.12219
0.080199
0.095402
0.096357
0.019863
0.045355
0.10026
0.11752
0.22864
0.24243
0.15821
0.066151
0.088027
0.012988
0.025976
0.13607
0.28623
0.37349
0.3369
0.17899
0.14949
0.080171
0.054652
0.037318
0.17106
0.15259
0.085801
0.16602
0.10109
0.29978
0.15962
0.090057
0.058816
0.13001
0.15239
0.2965
0.31438
0.20517
0.085784
0.11415
0.016843
0.06042
0.1557
0.11311
0.17502
0.12389
0.13549
0.18979
0.076876
0.068945
0.048394
0.22183
0.19787
0.11127
0.2153
0.1311
0.38876
0.20699
0.11678
0.11386
0.040011
0.11974
0.15139
0.19262
0.21627
0.19227
0.04959
0.076352
0.056775
0.087319
0.082411
0.035925
0.11786
0.10934
0.068471
0.080454
0.038878
0.079832
0.045779
0.11211
0.12506
0.046976
0.14031
0.22278
0.24247
0.089267
0.0077468
0.032569
0.076913
0.14768
0.3939
0.28457
0.082587
0.042465
0.039506
0.027956
0.021292
0.10554
0.21446
0.56028
0.31402
0.13117
0.056361
0.033927
0.072139
0.041367
0.10131
0.11301
0.042449
0.12679
0.20131
0.2191
0.080665
0.057541
0.049137
0.10931
0.097955
0.097006
0.15288
0.21412
0.081645
0.069189
0.025262
0.01924
0.095366
0.19379
0.50629
0.28376
0.11852
0.05093
0.030657
0.022222
0.006077
0.03453
0.39931
0.38794
0.14627
0.051958
0.026012
0.035401
0.059766
0.051036
0.11354
0.10174
0.10076
0.15879
0.2224
0.084801
0.071864
0.040888
0.028802
0.10782
0.15993
0.13732
0.17023
0.20639
0.10734
0.024761
0.023081
0.006312
0.035865
0.41474
0.40294
0.15192
0.053966
0.027018
0.03677
0.020028
0.0034624
0.069546
0.24087
0.38905
0.30948
0.22306
0.078525
0.02218
0.031318
0.022061
0.082585
0.12249
0.10518
0.13039
0.15809
0.082217
0.018966
0.014186
0.098057
0.092611
0.069803
0.21653
0.2134
0.2134
0.11877
0.026005
0.015341
0.002652
0.053268
0.18449
0.29799
0.23704
0.17085
0.060146
0.016989
0.00021421
0.051382
0.07146
0.48373
0.49718
0.16243
0.093814
0.018933
0.029079
0.0030947
0.021391
0.020203
0.015227
0.047236
0.046553
0.046552
0.02591
0.005673
0.46389
0.035075
0
0.005197
0.014856
0.04604
0.14091
0.17265
0.70031
4.673e-05
0.011209
0.015589
0.10552
0.10846
0.035434
0.020465
0.0041303
0.0063435
0.0083292
0.018935
0.1491
0.30482
0.30107
0.032759
0.010312
0.018416
0.0025085
0.30119
0.022773
0
0.0033742
0.0096458
0.029892
0.091486
0.1121
0.45469
0.025327
0.039822
0.030405
0.0059264
0.016284
0.11757
0.47209
0.47889
0.16299
0.0054079
0.012294
0.096804
0.19791
0.19548
0.02127
0.0066955
0.011957
0.0016287
0.0090369
0.0086297
0.0043133
0.0063987
0.12073
0.26009
0.11793
0.005111
0.010066
0.032241
0.050693
0.038706
0.0075443
0.020729
0.14967
0.60097
0.60963
0.20749
0.053583
0.020654
0.027501
0.021119
0.034051
0.085301
0.05547
0.055467
0.11877
0.011504
0.010986
0.0054909
0.0081456
0.15369
0.3311
0.15012
0.0065063
0.012814
0.008466
0.014618
0.019255
0.029565
0.046541
0.050387
0.016123
0.009185
0.0048355
0.23499
0.090581
0.12061
0.092619
0.14933
0.37409
0.24327
0.24326
0.52088
0.013073
0.015621
0.046382
0.15917
0.22538
0.25405
0.17534
0.038659
0.013242
0.037128
0.064108
0.084444
0.12966
0.20411
0.22097
0.070707
0.040281
0.021207
0.012091
0.013992
0.039432
0.13065
0.16937
0.078431
0.053958
0.04249
0.019199
0.02142
0.025596
0.075999
0.26081
0.3693
0.41628
0.2873
0.063345
0.021698
0.019813
0.10379
0.21831
0.28487
0.25696
0.13652
0.11402
0.061149
0.041685
0.019813
0.022927
0.064612
0.21408
0.27753
0.12851
0.088413
0.069622
0.031458
0.047119
0.081488
0.13868
0.16181
0.11683
0.12807
0.11955
0.12708
0.11135
0.026371
0.13814
0.29058
0.37917
0.34202
0.18172
0.15176
0.08139
0.055483
0.037885
0.17366
0.15491
0.087105
0.16855
0.10263
0.30434
0.16204
0.091426
0.062716
0.10846
0.18459
0.21537
0.1555
0.17046
0.15912
0.16914
0.14821
0.13844
0.08608
0.072665
0.084926
0.11411
0.082101
0.1072
0.17718
0.1137
0.050824
0.23297
0.20781
0.11685
0.22611
0.13768
0.40828
0.21738
0.12265
0.11958
0.042021
0.12575
0.15899
0.20229
0.22713
0.20192
0.05208
0.080186
0.18572
0.11548
0.097481
0.11393
0.15308
0.11014
0.1438
0.23769
0.15253
0.04101
0.094647
0.10611
0.14303
0.21572
0.17885
0.16664
0.14559
0.10725
0.0080033
0.033647
0.079459
0.15257
0.40694
0.29399
0.085321
0.043871
0.040814
0.028882
0.021997
0.10903
0.22156
0.57883
0.32442
0.13551
0.058227
0.03505
0.043941
0.10074
0.14548
0.11304
0.1414
0.13176
0.094116
0.069077
0.036152
0.079786
0.10008
0.091727
0.12011
0.097243
0.075965
0.11112
0.10643
0.065649
0.024903
0.018967
0.094013
0.19104
0.4991
0.27973
0.11684
0.050207
0.030222
0.021907
0.0059908
0.03404
0.39364
0.38244
0.14419
0.05122
0.025643
0.034899
0.068797
0.086295
0.079092
0.10357
0.083848
0.065502
0.095818
0.091768
0.056606
0.037501
0.12436
0.12844
0.2461
0.29818
0.11747
0.11789
0.078221
0.055792
0.02228
0.006093
0.034621
0.40035
0.38896
0.14665
0.052094
0.02608
0.035494
0.019334
0.0033422
0.067133
0.23251
0.37555
0.29874
0.21532
0.075801
0.021411
0.038141
0.12648
0.13063
0.25029
0.30327
0.11948
0.1199
0.079555
0.056743
0.061836
0.055232
0.07431
0.11014
0.1507
0.1676
0.10746
0.057882
0.034204
0.016129
0.0027883
0.056006
0.19397
0.31331
0.24923
0.17964
0.063237
0.017862
0.00022522
0.054023
0.075133
0.50859
0.52274
0.17078
0.098636
0.019907
0.030573
0.051587
0.046078
0.061994
0.091884
0.12572
0.13982
0.089647
0.048289
0.028535
0.088332
0.094025
0.096953
0.11792
0.19119
0.14799
0.11975
0.044183
0.055618
9.5038e-05
0.022796
0.031704
0.21461
0.22058
0.072064
0.041622
0.0084001
0.012901
0.01694
0.038508
0.30323
0.61993
0.61231
0.066625
0.020973
0.037455
0.0051017
0.037274
0.039676
0.040912
0.049759
0.080678
0.062449
0.050531
0.018644
0.023469
0.023837
0.033433
0.052678
0.066494
0.058285
0.049651
0.037525
0.0066649
0.013091
0.012505
0.028428
0.22385
0.45765
0.45202
0.049185
0.015483
0.02765
0.0037662
0.020897
0.019956
0.0099743
0.014797
0.27918
0.60144
0.2727
0.011819
0.023277
0.017597
0.024681
0.038889
0.049088
0.043028
0.036654
0.027702
0.0049203
0.0096639
0.033225
0.022197
0.012761
0.0253
0.040314
0.035348
0.031318
0.020654
0.015391
0.028183
0.026913
0.013452
0.019955
0.37652
0.81114
0.36778
0.01594
0.031393
0.020741
0.035812
0.047172
0.072431
0.11402
0.12344
0.039498
0.022502
0.011846
0.044809
0.029937
0.017211
0.034121
0.05437
0.047672
0.042237
0.027855
0.020758
0.0083051
0.010593
0.011766
0.037351
0.046105
0.034615
0.032564
0.054694
0.019395
0.076623
0.1323
0.17427
0.26758
0.42122
0.45603
0.14592
0.083129
0.043764
0.024953
0.028876
0.081377
0.26962
0.34954
0.16186
0.11135
0.087687
0.039621
0.030682
0.039133
0.043469
0.13799
0.17033
0.12788
0.1203
0.20206
0.07165
0.10707
0.075464
0.058933
0.07223
0.087558
0.14546
0.084982
0.074429
0.10817
0.031111
0.036002
0.10146
0.33616
0.43579
0.2018
0.13883
0.10933
0.049398
0.073989
0.12796
0.21777
0.25409
0.18345
0.2011
0.18773
0.19954
0.17485
0.13349
0.094086
0.073475
0.090054
0.10916
0.18135
0.10595
0.092796
0.13487
0.059097
0.11202
0.075056
0.13576
0.25982
0.1547
0.15149
0.086726
0.10747
0.082892
0.14335
0.24397
0.28466
0.20552
0.2253
0.21032
0.22355
0.19589
0.18297
0.11377
0.096042
0.11225
0.15082
0.10851
0.14168
0.23418
0.15028
0.066208
0.1255
0.084087
0.15209
0.29108
0.17332
0.16972
0.097162
0.1204
0.15904
0.15355
0.14341
0.090167
0.16893
0.11243
0.082899
0.16057
0.19216
0.22331
0.13886
0.11722
0.137
0.18407
0.13244
0.17292
0.28581
0.18341
0.049313
0.11381
0.12759
0.17199
0.25939
0.21505
0.20038
0.17507
0.12896
0.1941
0.18741
0.17502
0.11005
0.20618
0.13722
0.10118
0.19597
0.23453
0.09821
0.11744
0.11063
0.098228
0.14492
0.1206
0.19521
0.19138
0.057944
0.066792
0.15312
0.22113
0.17182
0.21493
0.20027
0.14306
0.105
0.054952
0.12128
0.15212
0.13943
0.18258
0.14781
0.11547
0.16891
0.16177
0.099788
0.016041
0.14462
0.28363
0.26286
0.1616
0.1003
0.072449
0.12746
0.036348
0.092813
0.05991
0.22015
0.3762
0.34866
0.121
0.026444
0.076949
0.087566
0.10115
0.12688
0.11629
0.15228
0.12328
0.096307
0.14088
0.13493
0.083228
0.055138
0.18285
0.18885
0.36183
0.43842
0.17272
0.17333
0.11501
0.08203
0.077411
0.049968
0.18362
0.31376
0.29079
0.10092
0.022055
0.064179
0.073034
0.096673
0.10967
0.21186
0.11342
0.18204
0.12029
0.10978
0.042052
0.080684
0.05881
0.19503
0.20143
0.38593
0.46762
0.18422
0.18487
0.12267
0.087494
0.095346
0.085164
0.11458
0.16983
0.23236
0.25842
0.16569
0.08925
0.05274
0.10311
0.11698
0.22597
0.12097
0.19417
0.12831
0.11709
0.044853
0.086058
0.063189
0.085831
0.053153
0.048476
0.078112
0.047111
0.11562
0.15248
0.11591
0.10212
0.091217
0.12272
0.1819
0.24888
0.27679
0.17747
0.095594
0.056489
0.17486
0.18613
0.19193
0.23344
0.37849
0.29297
0.23706
0.087466
0.1101
0.067681
0.091932
0.056931
0.051921
0.083664
0.050459
0.12384
0.16332
0.12415
0.019973
0.014713
0.10376
0.23573
0.27884
0.18541
0.077685
0.12625
0.046176
0.15925
0.16952
0.1748
0.2126
0.3447
0.26682
0.2159
0.079658
0.10027
0.10184
0.14284
0.22507
0.2841
0.24903
0.21214
0.16033
0.028476
0.05593
0.01819
0.013399
0.094501
0.21468
0.25395
0.16886
0.07075
0.11498
0.042054
0.19126
0.16907
0.14036
0.12121
0.13908
0.090645
0.086479
0.069983
0.10151
0.10686
0.14988
0.23616
0.2981
0.2613
0.22259
0.16823
0.02988
0.058686
0.20177
0.1348
0.077495
0.15364
0.24482
0.21466
0.19018
0.12543
0.093467
0.20068
0.1774
0.14728
0.12719
0.14593
0.095111
0.090741
0.073431
0.10651
0.043456
0.052963
0.10252
0.2173
0.35013
0.21968
0.088794
0.054557
0.082587
0.21004
0.14032
0.080672
0.15994
0.25485
0.22346
0.19798
0.13057
0.097299
0.038929
0.049652
0.055153
0.17508
0.21611
0.16225
0.15264
0.25637
0.090911
0.045238
0.055135
0.10672
0.22621
0.36448
0.22869
0.092435
0.056794
0.085972
0.10558
0.099963
0.14542
0.17927
0.33088
0.12399
0.15297
0.090143
0.11295
0.042601
0.054335
0.060355
0.19159
0.2365
0.17755
0.16704
0.28055
0.099485
0.14866
0.10478
0.081826
0.10029
0.12157
0.20196
0.11799
0.10334
0.15019
0.11553
0.10939
0.15913
0.19618
0.36209
0.13568
0.16739
0.098644
0.1236
0.1015
0.16445
0.12034
0.18937
0.27492
0.28944
0.2251
0.090366
0.028455
0.15905
0.1121
0.087543
0.1073
0.13006
0.21607
0.12624
0.11056
0.16069
0.070411
0.13347
0.089426
0.16175
0.30956
0.18432
0.1805
0.10333
0.12804
0.10859
0.17594
0.12875
0.2026
0.29413
0.30966
0.24083
0.096679
0.030442
0.11195
0.18276
0.1905
0.14775
0.3095
0.10278
0.027702
0.043888
0.12185
0.071877
0.13625
0.091288
0.16511
0.31601
0.18816
0.18426
0.10548
0.13071
0.17266
0.1667
0.15569
0.097888
0.1834
0.12206
0.089998
0.17432
0.20862
0.11428
0.18656
0.19447
0.15083
0.31594
0.10492
0.028279
0.044801
0.12439
0.099708
0.040162
0.1664
0.21662
0.20624
0.15637
0.21666
0.17695
0.22876
0.17831
0.17216
0.16078
0.10109
0.18939
0.12605
0.092941
0.18002
0.21544
0.090217
0.10788
0.10162
0.090233
0.13312
0.11078
0.17932
0.1758
0.053227
0.10297
0.041475
0.17184
0.2237
0.21298
0.16149
0.22375
0.18273
0.23625
0.055176
0.1359
0.11741
0.23956
0.42541
0.18433
0.088225
0.088832
0.056822
0.016536
0.14909
0.29239
0.27098
0.1666
0.1034
0.074687
0.1314
0.037471
0.09568
0.06176
0.22695
0.38781
0.35942
0.12474
0.02726
0.079325
0.09027
0.1289
0.12505
0.11918
0.26271
0.21021
0.11789
0.060417
0.085799
0.078351
0.15178
0.081499
0.19201
0.24957
0.18871
0.10353
0.072756
0.033177
0.093868
0.09231
0.059585
0.21896
0.37415
0.34676
0.12035
0.0263
0.076531
0.08709
0.11528
0.13078
0.25263
0.13525
0.21708
0.14345
0.13091
0.050146
0.096213
0.14644
0.078628
0.18525
0.24078
0.18207
0.099879
0.070193
0.032009
0.090561
0.12967
0.21697
0.11663
0.1554
0.18674
0.1267
0.29
0.11691
0.12035
0.13057
0.14813
0.28614
0.15319
0.24587
0.16247
0.14827
0.056796
0.10897
0.080015
0.10869
0.067306
0.061384
0.098911
0.059655
0.14641
0.19309
0.14678
0.14686
0.24575
0.1321
0.17601
0.21151
0.14351
0.32845
0.13241
0.13632
0.25083
0.10774
0.20049
0.12422
0.14728
0.13997
0.14479
0.12593
0.25228
0.084347
0.11457
0.07095
0.064707
0.10427
0.062885
0.15434
0.20354
0.15473
0.024891
0.018336
0.12932
0.29377
0.3475
0.23106
0.096815
0.15734
0.057547
0.26441
0.11357
0.21134
0.13094
0.15525
0.14755
0.15263
0.13275
0.26593
0.035876
0.043465
0.055424
0.23815
0.31997
0.22305
0.13416
0.099451
0.076345
0.023892
0.0176
0.12412
0.28198
0.33356
0.22179
0.092929
0.15102
0.055237
0.25121
0.22206
0.18437
0.15921
0.18267
0.11906
0.11359
0.091921
0.13333
0.034436
0.041721
0.053199
0.22859
0.30713
0.2141
0.12878
0.095459
0.073281
0.067117
0.074104
0.06143
0.066014
0.14588
0.19991
0.28134
0.22671
0.10795
0.24229
0.21418
0.17782
0.15356
0.17619
0.11483
0.10956
0.088658
0.1286
0.052467
0.063946
0.12378
0.26236
0.42273
0.26523
0.10721
0.06587
0.099711
0.064735
0.071473
0.059249
0.06367
0.1407
0.19281
0.27136
0.21866
0.10412
0.057335
0.15274
0.074987
0.10761
0.2423
0.25434
0.079932
0.095453
0.070228
0.05168
0.062986
0.12192
0.25842
0.41639
0.26125
0.1056
0.064881
0.098215
0.12061
0.1142
0.16612
0.2048
0.378
0.14164
0.17475
0.10298
0.12903
0.056475
0.15045
0.073861
0.106
0.23866
0.25052
0.078733
0.094021
0.069174
0.24751
0.10425
0.12054
0.072095
0.093603
0.095288
0.10397
0.074176
0.13837
0.1213
0.11485
0.16708
0.20598
0.38017
0.14246
0.17575
0.10357
0.12977
0.10657
0.17267
0.12635
0.19883
0.28866
0.3039
0.23635
0.09488
0.029876
0.24893
0.10484
0.12123
0.07251
0.094141
0.095836
0.10456
0.074603
0.13917
0.087371
0.17874
0.1777
0.14919
0.18637
0.18218
0.13807
0.10003
0.055925
0.10951
0.17744
0.12985
0.20433
0.29664
0.3123
0.24288
0.097504
0.030702
0.11291
0.18432
0.19213
0.14901
0.31214
0.10366
0.027938
0.044262
0.12289
0.089788
0.18369
0.18261
0.15332
0.19153
0.18722
0.14189
0.10279
0.057472
0.080855
0.087039
0.12836
0.21868
0.24429
0.17381
0.084453
0.15767
0.079967
0.10756
0.17558
0.18302
0.14195
0.29735
0.09875
0.026615
0.042165
0.11707
0.093841
0.037799
0.15661
0.20387
0.1941
0.14717
0.20391
0.16653
0.2153
0.077023
0.082915
0.12228
0.20832
0.23271
0.16557
0.080452
0.1502
0.076178
0.077917
0.059614
0.10056
0.31298
0.2516
0.3199
0.20404
0.14803
0.061828
0.091143
0.036712
0.15211
0.19801
0.18852
0.14294
0.19805
0.16175
0.20911
0.048839
0.12029
0.10392
0.21205
0.37655
0.16316
0.078092
0.078629
0.050296
0.075677
0.0579
0.097672
0.30398
0.24436
0.31071
0.19817
0.14377
0.060051
0.11095
0.15145
0.059368
0.18098
0.23504
0.12349
0.15858
0.08198
0.048594
0.14276
0.1385
0.13199
0.29095
0.23281
0.13056
0.066912
0.095023
0.086775
0.1681
0.090261
0.21265
0.2764
0.209
0.11466
0.080578
0.036744
0.10396
0.14444
0.087437
0.33607
0.31163
0.13747
0.18662
0.12853
0.035788
0.12181
0.094359
0.12258
0.13803
0.20189
0.19348
0.18928
0.16855
0.087057
0.12106
0.16512
0.08866
0.20888
0.2715
0.20529
0.11262
0.079149
0.036092
0.10212
0.14621
0.24466
0.13151
0.17523
0.21057
0.14287
0.32699
0.13183
0.13571
0.092686
0.12041
0.13559
0.19831
0.19005
0.18592
0.16557
0.085513
0.11891
0.21251
0.16999
0.20128
0.16644
0.17965
0.17125
0.059501
0.047244
0.16736
0.13667
0.2287
0.12293
0.1638
0.19683
0.13355
0.30567
0.12323
0.12686
0.23343
0.10027
0.18658
0.1156
0.13706
0.13026
0.13474
0.11719
0.23477
0.19865
0.1589
0.18815
0.15558
0.16793
0.16008
0.05562
0.044162
0.15645
0.03499
0.0083243
0.029828
0.13709
0.29511
0.28126
0.17994
0.16307
0.12845
0.24271
0.10425
0.194
0.12019
0.14251
0.13544
0.1401
0.12185
0.24411
0.032932
0.039897
0.050875
0.21861
0.29371
0.20474
0.12315
0.091288
0.070079
0.036381
0.0086552
0.031014
0.14254
0.30684
0.29244
0.18709
0.16955
0.13355
0.04965
0.05321
0.090979
0.15799
0.23934
0.25732
0.16427
0.23397
0.089895
0.035251
0.042708
0.054458
0.234
0.3144
0.21916
0.13183
0.097718
0.075015
0.068706
0.075858
0.062884
0.067576
0.14933
0.20464
0.288
0.23208
0.1105
0.053147
0.056958
0.097387
0.16912
0.2562
0.27545
0.17584
0.25045
0.096227
0.076264
0.10461
0.21268
0.099483
0.047898
0.13373
0.26493
0.25543
0.10735
0.069236
0.076443
0.063369
0.068098
0.15048
0.20621
0.29022
0.23387
0.11136
0.061322
0.16336
0.080201
0.11509
0.25915
0.27202
0.08549
0.10209
0.075111
0.076852
0.10542
0.21432
0.10025
0.048267
0.13476
0.26697
0.2574
0.10818
0.062926
0.075087
0.1877
0.34513
0.2518
0.12517
0.14553
0.154
0.1376
0.059554
0.15865
0.077889
0.11178
0.25168
0.26418
0.083026
0.099148
0.072947
0.26101
0.10993
0.12711
0.076027
0.098708
0.10048
0.10964
0.078221
0.14592
0.061113
0.072923
0.18229
0.33518
0.24454
0.12157
0.14133
0.14956
0.13364
0.11514
0.065876
0.10079
0.20054
0.37159
0.28004
0.18988
0.13102
0.09499
0.2186
0.09207
0.10646
0.063675
0.082671
0.084159
0.091824
0.065513
0.12221
0.076726
0.15697
0.15605
0.13101
0.16367
0.15999
0.12125
0.08784
0.049111
0.096434
0.055174
0.084411
0.16796
0.31122
0.23454
0.15903
0.10973
0.079558
0.067941
0.079777
0.14852
0.44193
0.45574
0.19442
0.098252
0.052471
0.089788
0.078519
0.16063
0.15969
0.13407
0.16749
0.16372
0.12408
0.089892
0.050259
0.070706
0.076115
0.11225
0.19123
0.21363
0.15199
0.073853
0.13788
0.06993
0.069529
0.081641
0.15199
0.45226
0.46639
0.19896
0.10055
0.053697
0.091886
0.13335
0.11645
0.07222
0.16819
0.22158
0.20132
0.074478
0.05679
0.068594
0.078702
0.084722
0.12494
0.21286
0.23779
0.16918
0.082205
0.15348
0.077838
0.079615
0.060913
0.10275
0.3198
0.25708
0.32687
0.20849
0.15125
0.063176
0.14843
0.12962
0.080387
0.1872
0.24664
0.22409
0.082901
0.063212
0.076351
0.06776
0.11969
0.27929
0.17017
0.22903
0.20601
0.088698
0.03056
0.019088
0.075903
0.058073
0.097963
0.30489
0.24509
0.31163
0.19876
0.1442
0.06023
0.11128
0.1519
0.059545
0.18152
0.23574
0.12386
0.15906
0.082224
0.048739
0.064601
0.11411
0.26626
0.16223
0.21835
0.19641
0.084562
0.029135
0.018198
0.029935
0.045959
0.071692
0.12484
0.37887
0.29903
0.1368
0.052412
0.05241