0.23425
0.10862
0.10374
0.020938
0.12468
0.020938
0.15049
0.15002
0.2396
0.11445
0.080363
0.1841
0.041876
0.031169
0.041876
0.11397
0.031169
0.10909
0.20795
0.26738
0.55231
0.24055
0.13443
0.020938
0.12712
0.038962
0.15585
0.046754
0.054546
0.1841
0.1568
0.32145
0
0.093508
0.056986
0.052107
0.12173
0.085479
0.19582
0.044542
0.033154
0.044542
0.12123
0.033154
0.11604
0.18285
0.13211
0.17096
0.044542
0.29838
0.022271
0.11034
0.11553
0.18285
0.049731
0.058019
0.19582
0.16678
0.34191
0
0.099461
0.060613
0.055425
0.23309
0.2808
0.40253
0.11135
0.20411
0.10566
0.17096
0.13261
0.24865
0.14213
0.10269
0.13289
0.034624
0.23194
0.017312
0.085773
0.089807
0.14213
0.2106
0.1502
0.22712
0.11676
0.33906
0.051935
0.12202
0.16107
0.24483
0.18118
0.21827
0.3129
0.086559
0.15866
0.082133
0.13289
0.10309
0.19328
0.21463
0.088183
0.16068
0.051935
0.25771
0.051935
0.12202
0.13894
0.20253
0.21453
0.15301
0.23136
0.11894
0.34539
0.052905
0.1243
0.16408
0.2494
0.11814
0.14439
0.26212
0.1497
0.064831
0.1013
0.18337
0.16162
0.12715
0.21864
0.089829
0.16368
0.052905
0.26252
0.052905
0.1243
0.14153
0.20631
0.13166
0.13742
0.23382
0.03527
0.21002
0.017635
0.16613
0.074248
0.12264
0.12686
0.15505
0.28148
0.16075
0.069617
0.10878
0.1969
0.17355
0.13654
0.12202
0.10351
0.1784
0.018937
0.33829
0.037874
0.16651
0.11938
0.099096
0.14138
0.14757
0.25108
0.037874
0.22552
0.018937
0.1784
0.07973
0.1317
0.33344
0.16694
0.18501
0.075748
0.056381
0.018937
0.19954
0.13348
0.26824
0.13303
0.11285
0.1945
0.020647
0.36883
0.041293
0.18154
0.13016
0.10804
0.19978
0.15368
0.2507
0.041293
0.092207
0.041293
0.066281
0.091738
0.16951
0.36355
0.18201
0.20172
0.082586
0.061471
0.020647
0.21755
0.14553
0.29246
0.17432
0.063876
0.14553
0.06194
0.092207
0.041293
0.2507
0.12775
0.1796
0.26524
0.20403
0.33283
0.054822
0.12242
0.054822
0.087997
0.12179
0.22505
0.14282
0.091812
0.27544
0
0.24483
0
0.24483
0.081611
0.14282
0.23144
0.084804
0.1932
0.082233
0.12242
0.054822
0.33283
0.16961
0.23845
0.068217
0.084804
0.15302
0
0.20403
0
0.15302
0.084804
0.068217
0.14236
0.091517
0.27455
0
0.24405
0
0.24405
0.081349
0.14236
0.09532
0.097883
0.091517
0
0.28472
0.054646
0.27075
0.14873
0.09532
0.067997
0.084532
0.15253
0
0.20337
0
0.15253
0.084532
0.067997
0.21098
0.19577
0.20974
0.054646
0.44742
0.027323
0.16588
0.15191
0.20399
0.083684
0.085934
0.080346
0
0.24996
0.047975
0.2377
0.13057
0.083684
0.14284
0.044637
0.14563
0.023988
0.28567
0.047975
0.18413
0.053564
0.14284
0.18522
0.17187
0.18413
0.047975
0.3928
0.023988
0.14563
0.13337
0.17909
0.10154
0.094862
0.13057
0.047975
0.15401
0.15565
0.35989
0.26502
0.19027
0.11981
0.037439
0.12215
0.02012
0.23961
0.04024
0.15444
0.044927
0.11981
0.20028
0.12918
0.11935
0.11557
0.54381
0.1006
0.13901
0.029951
0.17971
0.085167
0.079566
0.10952
0.04024
0.12918
0.13055
0.30186
0.22229
0.15959
0.13478
0.11232
0.12215
0.02012
0.26956
0.060359
0.14181
0.18674
0.15021
0.22209
0.14324
0.13234
0.12816
0.60301
0.11155
0.15415
0.033212
0.19927
0.083536
0.13234
0.14945
0
0.23248
0
0.12454
0.12404
0.083536
0.14945
0.12454
0.13545
0.02231
0.29891
0.06693
0.15725
0.20707
0.16657
0.055522
0.06072
0.099636
0
0.16606
0.02231
0.13545
0.069023
0.055522
0.14441
0.18568
0.38354
0.16704
0.093355
0.01454
0.088273
0.027056
0.10822
0.032467
0.037879
0.12785
0.10888
0.22322
0
0.064935
0.039572
0.036185
0.16977
0.2036
0.2141
0.072699
0.4329
0.01454
0.023339
0.0054112
0.097402
0.11905
0.20022
0.47383
0.19241
0.096742
0
0.032467
0.010822
0.086579
0.034542
0.040299
0.13602
0.11584
0.23749
0
0.069084
0.042101
0.038497
0.1619
0.19504
0.27959
0.077345
0.14177
0.07339
0.11874
0.092112
0.17271
0.12665
0.21301
0.50411
0.2047
0.10292
0
0.034542
0.011514
0.092112
0.2425
0.26988
0.31629
0.088859
0.04966
0.015469
0.042101
0.069084
0.21877
0.17553
0.21145
0.30312
0.083856
0.15371
0.079568
0.12874
0.099866
0.18725
0.20793
0.085429
0.15566
0.050313
0.24966
0.050313
0.11821
0.1346
0.1962
0.26291
0.29259
0.34291
0.096339
0.05384
0.016771
0.045645
0.074899
0.23718
0.099866
0.12483
0.20364
0.033542
0.27463
0.033542
0.12874
0.078807
0.070992
0.21646
0.088936
0.16205
0.052379
0.25991
0.052379
0.12306
0.14013
0.20426
0.13035
0.13606
0.23149
0.034919
0.20793
0.01746
0.16448
0.07351
0.12143
0.10397
0.12996
0.212
0.034919
0.2859
0.034919
0.13402
0.082042
0.073906
0.13849
0.10843
0.23759
0.13521
0.4979
0.052379
0.12306
0.097468
0.14295
0.1284
0.13402
0.22802
0.034395
0.20481
0.017198
0.16201
0.072407
0.1196
0.30282
0.1516
0.16802
0.06879
0.051202
0.017198
0.18121
0.12122
0.2436
0.13641
0.1068
0.23403
0.13318
0.49043
0.051593
0.12122
0.096005
0.14081
0.18322
0.1944
0.15121
0.034395
0.17921
0.034395
0.18962
0.078807
0.081201
0.34295
0.1717
0.19029
0.077908
0.057989
0.019477
0.20523
0.13728
0.27589
0.16445
0.060258
0.13728
0.058431
0.086983
0.038954
0.23649
0.12052
0.16943
0.2075
0.22017
0.17126
0.038954
0.20296
0.038954
0.21475
0.089252
0.091963
0.10192
0.14453
0.24601
0.058431
0.37693
0.019477
0.13999
0.11554
0.10192
0.20661
0.075705
0.17247
0.07341
0.10928
0.04894
0.29712
0.15141
0.21286
0.060897
0.075705
0.1366
0
0.18214
0
0.1366
0.075705
0.060897
0.12805
0.18158
0.30908
0.07341
0.47355
0.02447
0.17588
0.14515
0.12805
0.11554
0.084812
0.16392
0
0.29142
0
0.21856
0.1332
0.12179
0.067655
0.084107
0.15176
0
0.20235
0
0.15176
0.084107
0.067655
0.20992
0.19478
0.20868
0.054371
0.44517
0.027186
0.16505
0.15115
0.20297
0.12836
0.094224
0.18211
0
0.32376
0
0.24282
0.14798
0.13531
0.18211
0.091057
0.27317
0
0.20235
0.027186
0.10434
0.063872
0.18907
0.16591
0.15394
0.16493
0.042972
0.35184
0.021486
0.13044
0.11946
0.16041
0.090949
0.084969
0.11695
0.042972
0.13795
0.13941
0.32235
0.23739
0.17042
0.14393
0.071966
0.2159
0
0.15993
0.021486
0.082466
0.050481
0.14943
0.096443
0.18343
0.32235
0.021486
0.38382
0
0.14393
0.15394
0.10194
0.076784
0.071735
0.098738
0.036279
0.11647
0.1177
0.27215
0.20041
0.14388
0.12152
0.10126
0.11013
0.01814
0.24303
0.054419
0.12785
0.16836
0.13543
0.081422
0.15486
0.27215
0.01814
0.32404
0
0.12152
0.12997
0.08606
0.24262
0.15568
0.28988
0.054419
0.19325
0.08606
0.17975
0.23458
0.31899
0.12086
0.10072
0.10953
0.018041
0.24172
0.054124
0.12716
0.16745
0.1347
0.044899
0.049102
0.080572
0
0.13429
0.018041
0.10953
0.055817
0.044899
0.24131
0.15484
0.28831
0.054124
0.19221
0.085594
0.17878
0.23331
0.31727
0.11204
0.10953
0.29712
0.072166
0.35335
0.12168
0.33741
0.10072
0.10743
0.14692
0.17619
0.18527
0.062913
0.37462
0.012583
0.020197
0.0046828
0.08429
0.10302
0.17326
0.41005
0.1665
0.083719
0
0.028097
0.0093655
0.074924
0.14048
0.1639
0.23532
0.084861
0.26517
0
0.042145
0.014048
0.08429
0.15013
0.23876
0.43177
0.11939
0.099518
0
0.028097
0.056193
0.16858
0.10412
0.17511
0.41443
0.16828
0.084613
0
0.028397
0.0094655
0.075724
0.19935
0.22186
0.26001
0.07305
0.040825
0.012717
0.034611
0.056793
0.17985
0.15174
0.24131
0.43638
0.12067
0.10058
0
0.028397
0.056793
0.17038
0.15441
0.19581
0.29285
0.1112
0.17631
0.085767
0.08165
0.050291
0.082227
0.23102
0.2571
0.30131
0.084653
0.047309
0.014737
0.040108
0.065814
0.20841
0.087752
0.10969
0.17894
0.029474
0.24132
0.029474
0.11312
0.069247
0.062381
0.17894
0.22692
0.33937
0.12886
0.20431
0.09939
0.094619
0.058278
0.095288
0.21561
0.21766
0.40003
0.04421
0.10969
0.029474
0.063763
0.089134
0.16864
0.091948
0.11494
0.18749
0.030883
0.25286
0.030883
0.11853
0.072559
0.065364
0.12248
0.095896
0.21013
0.11958
0.44035
0.046325
0.10884
0.086201
0.12643
0.22592
0.22807
0.41916
0.046325
0.11494
0.030883
0.066812
0.093397
0.1767
0.088351
0.072559
0.14117
0.077208
0.1839
0.015442
0.32833
0.10807
0.088351
0.0032983
0.0025824
0.0056586
0.0032203
0.011858
0.0012475
0.0029309
0.0023213
0.0034046
0.00443
0.0047005
0.0036562
0.00083165
0.0043331
0.00083165
0.0045848
0.0019055
0.0019634
0.0023792
0.0019539
0.0038015
0.0020791
0.0049521
0.00041582
0.0088417
0.0029102
0.0023792
0.0024761
0.0026308
0.0037064
0.05417
0.56271
0.7971
0.21081
0.010099
0.0022634
0.0038493
0.0040843
0.0031769
0.00072263
0.0037651
0.00072263
0.0039837
0.0016557
0.001706
0.0018907
0.0026812
0.0045637
0.0010839
0.0069923
0.00036131
0.002597
0.0021433
0.0018907
0.0021515
0.002286
0.0032205
0.047069
0.48895
0.69261
0.18317
0.0087754
0.0019667
0.0015376
0.032578
0.30918
0.38039
0.061775
0.0016351
0.0023701
0.0015715
0.0017902
0.0038157
0.0054108
0.00921
0.0021875
0.014111
0.00072916
0.0052409
0.0043253
0.0038157
0.0034428
0.0025273
0.0048846
0
0.0086838
0
0.0065128
0.003969
0.0036293
0.0031031
0.065746
0.62394
0.76766
0.12467
0.0032998
0.0047831
0.0031715
0.0036127
0.010855
0.0056987
0.0093115
0.00072916
0.020964
0.0054604
0.0080396
0.0042404
0.0095994
0.083346
0.061181
0.11825
0
0.21022
0
0.15767
0.096084
0.087859
0.11825
0.059125
0.17737
0
0.13139
0.017652
0.06775
0.041473
0.12276
0.26278
0.13796
0.22542
0.017652
0.5075
0.13219
0.19463
0.10265
0.23239
0.18846
0.06775
0.16383
0.14984
0.16589
0.035304
0.25375
0.18846
0.25826
0.12078
0.060388
0.18116
0
0.1342
0.018029
0.069198
0.042359
0.12539
0.080927
0.15392
0.27049
0.018029
0.32207
0
0.12078
0.12918
0.085536
0.19248
0.069198
0.16734
0.15304
0.16944
0.036058
0.25917
0.19248
0.26378
0.080518
0.046969
0.20258
0.1262
0.35731
0.22516
0.30322
0.12539
0.11617
0.068915
0.13107
0.23035
0.015353
0.27427
0
0.10285
0.11
0.072841
0.20535
0.13177
0.24535
0.04606
0.16357
0.072841
0.15214
0.19855
0.26999
0.068567
0.039997
0.17251
0.10747
0.30428
0.19174
0.25822
0.10678
0.098925
0.26284
0.02857
0.10071
0.072841
0.19
0.088194
0.17678
0.12749
0.30105
0.22118
0.14192
0.26425
0.049609
0.17617
0.078453
0.16386
0.21385
0.2908
0.10269
0.10039
0.27234
0.066145
0.32387
0.11153
0.30926
0.092313
0.098467
0.28309
0.030771
0.10847
0.078453
0.20464
0.09499
0.1904
0.13732
0.32425
0.090386
0.026543
0.018463
0
0.024617
0.016536
0.063468
0.038851
0.090386
0.15688
0.18302
0.26278
0.094764
0.29611
0
0.047063
0.015688
0.094126
0.16765
0.26662
0.48216
0.13332
0.11113
0
0.031375
0.062751
0.18825
0.16111
0.15265
0.10786
0.028102
0.1255
0.014051
0.11668
0.036605
0.13596
0.26865
0.16538
0.26965
0.10881
0.086941
0
0.062751
0.038241
0.23368
0.14448
0.22977
0.41551
0.1149
0.095771
0
0.027039
0.054077
0.16223
0.14703
0.18645
0.27885
0.10588
0.16787
0.081665
0.077745
0.047885
0.078295
0.23151
0.14252
0.23237
0.093774
0.074924
0
0.054077
0.032956
0.20138
0.28559
0.22385
0.31428
0.048784
0.13693
0
0.013519
0.034366
0.25855
0.15493
0.19648
0.29385
0.11158
0.1769
0.086057
0.081926
0.050461
0.082505
0.18669
0.18846
0.34637
0.03828
0.094976
0.02552
0.055209
0.077177
0.14602
0.30095
0.23589
0.33119
0.051408
0.14429
0
0.014246
0.036214
0.27246
0.085768
0.19441
0.33035
0.098817
0.11694
0.02552
0.055209
0.0932
0.082505
0.020966
0.021165
0.038899
0.004299
0.010666
0.002866
0.0062003
0.0086674
0.016398
0.0081991
0.0067336
0.013101
0.007165
0.017066
0.001433
0.03047
0.010029
0.0081991
0.0096321
0.021833
0.0371
0.011098
0.013133
0.002866
0.0062003
0.010467
0.0092657
0.4392
0.10346
0.0117
0.004299
0.023466
0.001433
0.09119
0.37501
0.79975
0.0015977
0.0013121
0.0025528
0.0013962
0.0033255
0.00027924
0.0059374
0.0019543
0.0015977
0.0016627
0.0017667
0.0024889
0.036377
0.37788
0.53527
0.14156
0.0067819
0.00152
0.085584
0.02016
0.0022799
0.00083771
0.0045725
0.00027924
0.017769
0.073075
0.15584
0.32175
0.14733
0.05675
0.044229
0.2281
0.25421
0.27422
0.30078
0.31429
0.0011214
0.0011915
0.0016785
0.024533
0.25484
0.36099
0.095471
0.0045738
0.0010251
0.00080142
0.01698
0.16114
0.19826
0.032198
0.00085223
0.0012353
0.00081909
0.00093305
0.21699
0.099361
0.038273
0.029828
0.15383
0.17144
0.18494
0.20285
0.21196
0.45461
0.41997
0.28384
0.042752
0.006103
0.00065573
9.2023e-05
0.0087075
0.17376
0.0010686
0.022641
0.21486
0.26435
0.042931
0.0011363
0.0016471
0.0010921
0.0012441
0.003738
0.0019624
0.0032065
0.0002511
0.0072192
0.0018804
0.0027685
0.0014602
0.0033057
0.60616
0.55997
0.37847
0.057003
0.0081375
0.00087432
0.0001227
0.01161
0.23169
0.0034002
0.0038444
0.0050304
0.0038097
0.005841
0.0011913
0.0022078
0.00096944
0.0021144
0.20774
0.10906
0.1782
0.013955
0.40121
0.1045
0.15386
0.081154
0.18371
0.14899
0.053561
0.12952
0.11846
0.13115
0.02791
0.2006
0.14899
0.20417
0.18897
0.21365
0.27957
0.21173
0.32461
0.066206
0.1227
0.053877
0.11751
0.15612
0.11913
0.22982
0.055819
0.083096
0.041865
0.1451
0.07596
0.15255
0.18579
0.06679
0.16151
0.14772
0.16354
0.034804
0.25015
0.18579
0.2546
0.077716
0.045334
0.19553
0.12181
0.34488
0.21733
0.29267
0.12102
0.11212
0.19468
0.14856
0.28659
0.069607
0.10362
0.052205
0.18094
0.094723
0.19024
0.12953
0.045334
0.15301
0.034804
0.12953
0.033748
0.21883
0.12266
0.14287
0.074799
0.043633
0.18819
0.11724
0.33193
0.20917
0.28169
0.11648
0.10792
0.28673
0.031166
0.10987
0.079461
0.20727
0.09621
0.19285
0.13908
0.32841
0.12466
0.043633
0.14727
0.033497
0.12466
0.032481
0.21062
0.11805
0.13751
0.13323
0.047535
0.035068
0.033497
0.074799
0
0.35529
0.22207
0.17063
0.28027
0.030464
0.10739
0.077671
0.2026
0.094043
0.18851
0.13595
0.32101
0.089486
0.026279
0.018279
0
0.024371
0.016371
0.062836
0.038464
0.089486
0.13023
0.046464
0.034279
0.032743
0.073114
0
0.34729
0.21706
0.16679
0.13786
0.051021
0.099393
0.016371
0.21934
0.19379
0.51556
0.22858
0.12223
0.17646
0.16719
0.11813
0.030779
0.13746
0.01539
0.1278
0.040092
0.14891
0.29424
0.18114
0.29534
0.11918
0.095225
0
0.068729
0.041885
0.25594
0.28637
0.28637
0.35117
0.01539
0.0035855
0.057624
0.041885
0.011455
0.18328
0.17969
0.23841
0.27278
0.030779
0.20619
0.01539
0.1278
0.059067
0.10703
0.25236
0.15535
0.2533
0.10222
0.081671
0
0.058947
0.035923
0.21951
0.31131
0.24401
0.34259
0.053177
0.14926
0
0.014737
0.037461
0.28183
0.15412
0.20448
0.23395
0.026398
0.17684
0.013199
0.10961
0.05066
0.091795
0.10162
0.09487
0.27449
0.18786
0.24501
0
0.073684
0.073983
0.14707
0.31343
0.24568
0.34492
0.05354
0.15028
0
0.014837
0.037717
0.28376
0.089325
0.20248
0.34405
0.10292
0.12179
0.026578
0.0575
0.097066
0.085928
0.10231
0.095518
0.27636
0.18915
0.24669
0
0.074187
0.074488
0.14807
0.1258
0.14622
0.25244
0.078929
0.20093
0.063049
0.072337
0.068939
0.119
0.0069076
0.015657
0.026606
0.0079585
0.0094184
0.0020553
0.0044465
0.0075061
0.0066448
0.31497
0.074194
0.0083907
0.003083
0.016828
0.0010277
0.065396
0.26894
0.57354
0.0097278
0.011307
0.019521
0.0061036
0.015538
0.0048756
0.0055938
0.0053311
0.0092023
0.47087
0.13307
0.01084
0.003083
0.016828
0.0020553
0.39013
0.29881
0.075635
0.079705
0.018775
0.0021233
0.00078016
0.0042584
0.00026005
0.016549
0.068055
0.14514
0.29965
0.13721
0.052852
0.04119
0.21243
0.23675
0.25538
0.28012
0.2927
0.11915
0.033675
0.0027431
0.00078016
0.0042584
0.00052011
0.098724
0.075616
0.01914
0.32965
0.044358
0.020984
0.011065
0.051805
0.12204
0.28972
0.21641
0.48262
0.19548
0.089512
0.034479
0.026872
0.13858
0.15445
0.16661
0.18274
0.19095
0.40955
0.37834
0.25571
0.038514
0.005498
0.00059073
8.2901e-05
0.0078444
0.15654
0.21505
0.028938
0.013689
0.0072184
0.033796
0.079614
0.18901
0.14118
0.31485
0.1187
0.25441
0.26095
0.081427
0.052605
0.050725
0.062668
0.059049
0.18156
0.47926
0.44274
0.29923
0.04507
0.0064339
0.00069128
9.7012e-05
0.0091796
0.18318
0.0026884
0.0030395
0.0039773
0.0030122
0.0046181
0.00094189
0.0017456
0.00076649
0.0016717
0.13891
0.29771
0.30537
0.095287
0.061559
0.059359
0.073335
0.0691
0.21247
0.0018748
0.12629
0.40008
0.0089007
0.0014777
0
0.00022166
0.00056796
0.0017225
0.0064038
0.0072403
0.009474
0.0071751
0.011001
0.0022436
0.0041581
0.0018258
0.0039822
0.0052907
0.0040372
0.0077883
0.0018916
0.002816
0.0014187
0.0049172
0.0025742
0.0051698
0.0044658
0.30084
0.95301
0.021202
0.00352
0
0.000528
0.0013529
0.0041031
0.0041031
0.0025849
0.0051483
0.0031894
0.011374
0
0.001056
0.000352
0.003168
0.19048
0.14535
0.28041
0.068105
0.10138
0.051079
0.17704
0.092679
0.18613
0.12673
0.044356
0.14971
0.034053
0.12673
0.03302
0.21411
0.12001
0.13979
0.14772
0.093065
0.18536
0.11483
0.40951
0
0.038019
0.012673
0.11406
0.055432
0.10932
0.084359
0.017026
0.35881
0.16591
0.40041
0.17704
0.051079
0.12787
0.044756
0.15106
0.03436
0.12787
0.033318
0.21604
0.12109
0.14105
0.13666
0.048759
0.035971
0.03436
0.076725
0
0.36444
0.22778
0.17502
0.055932
0.11031
0.08512
0.01718
0.36205
0.16741
0.40403
0.17864
0.05154
0.17941
0.095516
0.1043
0.01718
0.2046
0.03436
0.21804
0.19116
0.23418
0.0022151
0.00079031
0.00058305
0.00055693
0.0012436
0
0.0059071
0.0036921
0.0028369
0.0023448
0.00086783
0.0016906
0.00027846
0.0037308
0.0032962
0.0087691
0.0038879
0.002079
0.0029081
0.0015482
0.0016906
0.00027846
0.0033163
0.00055693
0.0035341
0.0030984
0.0037957
0.0019701
0.000693
0.0015907
0.001311
0.00041454
0.059499
0.30825
0.86625
0.38832
0.26383
0.26383
0.32352
0.014178
0.0033032
0.053087
0.038587
0.010553
0.16885
0.16555
0.21964
0.2513
0.028356
0.18995
0.014178
0.11774
0.054417
0.098602
0.22695
0.20849
0.29965
0.014178
0.21106
0.028356
0.077174
0.05639
0.16522
0.11971
0.2499
0.21741
0.056712
0.31659
0.056712
0.12269
0.066621
0.060015
0.16682
0.22133
0.25323
0.028574
0.19142
0.014287
0.11864
0.054835
0.099361
0.11
0.10269
0.29711
0.20335
0.26521
0
0.079757
0.080081
0.15919
0.12063
0.25182
0.21909
0.057148
0.31903
0.057148
0.12363
0.067134
0.060477
0.24491
0.18046
0.2664
0.041994
0.088403
0.082069
0.1326
0.10833
0.25855
0.11114
0.10376
0.3002
0.20546
0.26797
0
0.080587
0.080914
0.16085
0.13665
0.15884
0.27422
0.085739
0.21826
0.068488
0.078578
0.074887
0.12927
0.24746
0.18234
0.26917
0.042431
0.089323
0.082924
0.13398
0.10946
0.26124
0.11852
0.091004
0.14104
0.097359
0.41167
0.028871
0.06246
0.069514
0.11852
0.0022049
0.0025629
0.0044246
0.0013834
0.0035217
0.0011051
0.0012679
0.0012083
0.0020858
0.10673
0.030162
0.0024569
0.00069878
0.0038142
0.00046585
0.088426
0.067728
0.017143
0.0019124
0.0014684
0.0022757
0.0015709
0.0066425
0.00046585
0.0010078
0.0011216
0.0019124
0.011855
0.0042386
0.0060447
0
0.0021348
0.005638
0.20916
0.64517
0.71738
0.088609
0.025042
0.0020399
0.00058016
0.0031667
0.00038677
0.073415
0.056231
0.014233
0.24514
0.032987
0.015605
0.0082282
0.038524
0.090752
0.21545
0.16093
0.3589
0.009843
0.0035191
0.0050186
0
0.0017724
0.0046809
0.17366
0.53565
0.5956
0.065184
0.0097248
0.015547
0.037924
0.030863
0.026269
0.073946
0.055135
0.14919
0.32125
0.043228
0.020449
0.010783
0.050485
0.11893
0.28234
0.2109
0.47033
0.17732
0.38004
0.38981
0.12164
0.078582
0.075774
0.093613
0.088207
0.27122
0.085422
0.012744
0.020374
0.049699
0.040445
0.034425
0.096904
0.072253
0.19551
0.052681
0.012823
0.0065593
0.022837
0.044983
0.03678
0.057098
0.076837
0.074968
0.13683
0.29327
0.30081
0.093864
0.06064
0.058473
0.072239
0.068068
0.20929
0.0018468
0.12441
0.39411
0.0087678
0.0014556
0
0.00021835
0.00055948
0.0016968
0.040653
0.0098951
0.0050617
0.017623
0.034712
0.028382
0.044061
0.059294
0.057851
0.57375
0.44326
0.11235
0.00073226
0.01316
0.032992
0.029878
0.0047559
0.10473
0.0021728
0.14637
0.46369
0.010316
0.0017126
0
0.0002569
0.00065825
0.0019963
0.0019963
0.0012577
0.0025049
0.0015518
0.0055341
0
0.00051379
0.00017126
0.0015414
0.67505
0.52152
0.13219
0.00086154
0.015483
0.038817
0.035154
0.0055955
0.12322
0.003088
0.002735
0.0033076
0.00046019
0.0034253
0.00023009
0.0013969
0.0018623
0.0037038
0.1389
0.087508
0.17429
0.10797
0.38506
0
0.035749
0.011916
0.10725
0.052122
0.10279
0.079322
0.01601
0.33739
0.156
0.37651
0.16647
0.048029
0.21486
0.1903
0.23014
0.032019
0.23833
0.01601
0.097196
0.12958
0.2577
0.11134
0.049531
0.097196
0.01601
0.24206
0.10797
0.21004
0.059582
0.10725
0.012409
0.024472
0.018885
0.0038115
0.080325
0.037141
0.089638
0.039632
0.011435
0.039805
0.021191
0.02314
0.0038115
0.045393
0.0076231
0.048374
0.042411
0.051955
0.026508
0.011792
0.02314
0.0038115
0.057629
0.025706
0.050006
0.014185
0.025533
0.032182
0.0075366
0.012236
0.0076231
0.034932
0.025475
0.37601
0.90194
0.054624
0.0017677
0.0009411
0.0010277
0.00016927
0.0020159
0.00033854
0.0021483
0.0018835
0.0023073
0.0011976
0.00042126
0.00096695
0.00079695
0.00025198
0.036168
0.18738
0.52657
0.23605
0.0014292
0.0003347
0.00054341
0.00033854
0.0015513
0.0011313
0.016699
0.040055
0.0024258
0.01493
0.0034725
0.00097553
0.0018887
0.012771
0.019992
0.025375
0.4582
0.64597
0.22044
0.20251
0.29105
0.013771
0.20501
0.027542
0.074961
0.054772
0.16048
0.11627
0.24273
0.21118
0.055085
0.30751
0.055085
0.11917
0.06471
0.058293
0.14765
0.19061
0.24217
0.055085
0.085211
0.051564
0.14511
0.063418
0.14671
0.17105
0.24409
0.35653
0.18223
0.17363
0.027542
0.10571
0.099607
0.17715
0.11303
0.23597
0.20529
0.05355
0.29894
0.05355
0.11585
0.062907
0.056669
0.22949
0.1691
0.24963
0.03935
0.082837
0.076903
0.12426
0.10151
0.24227
0.16628
0.23729
0.3466
0.17716
0.16879
0.026775
0.10277
0.096832
0.17222
0.11676
0.17222
0.28867
0.11364
0.24539
0.013388
0.081277
0.024912
0.099647
0.23464
0.17289
0.25522
0.040233
0.084694
0.078626
0.12704
0.10379
0.2477
0.11238
0.086288
0.13373
0.092314
0.39034
0.027375
0.059224
0.065912
0.11238
0.11938
0.17608
0.29514
0.11619
0.25089
0.013688
0.083099
0.02547
0.10188
0.11557
0.088193
0.22733
0.027375
0.41071
0.078626
0.17289
0.084694
0.11907
0.0012528
0.00096191
0.0014908
0.0010291
0.0043513
0.00030517
0.0006602
0.00073476
0.0012528
0.0077662
0.0027766
0.0039597
0
0.0013984
0.0036933
0.13702
0.42264
0.46994
0.0012883
0.00098315
0.0025342
0.00030517
0.0045785
0.0008765
0.0019273
0.00094413
0.0013273
0.085769
0.0101
0.0044935
0.0043624
0.014267
0.0023124
0.0045135
0.082674
0.75302
0.0076573
0.0027377
0.0039042
0
0.0013788
0.0036415
0.1351
0.41671
0.46334
0.050709
0.0075653
0.012095
0.029503
0.02401
0.020436
0.057526
0.042892
0.11606
0.084565
0.0099579
0.0044305
0.0043011
0.014067
0.0022799
0.0044502
0.081514
0.74245
0.026999
0.0079514
0.0051472
0.029628
0.01992
0.0072747
0.003484
0.017784
0.04687
0.23941
0.035718
0.057103
0.13929
0.11336
0.096484
0.2716
0.20251
0.54796
0.14765
0.035939
0.018384
0.064007
0.12608
0.10308
0.16003
0.21535
0.21012
0.12747
0.037541
0.024301
0.13988
0.094047
0.034346
0.016449
0.083963
0.22129
0.17419
0.099003
0.037292
0.086857
0.13171
0.024864
0.047587
0.076623
0.36339
0.036241
0.0088214
0.0045124
0.015711
0.030946
0.025303
0.03928
0.05286
0.051574
0.51149
0.39516
0.10016
0.0006528
0.011732
0.029412
0.026636
0.0042398
0.093366
0.042756
0.024301
0.0091535
0.021319
0.03233
0.006103
0.011681
0.018807
0.089195
0.55123
0.039599
0.0778
0.045142
0.00081453
0
0.0015572
0.0034144
0.47484
0.51739
0.39972
0.10131
0.00066033
0.011867
0.029751
0.026944
0.0042887
0.094443
0.0023668
0.0020963
0.0025351
0.00035271
0.0026253
0.00017636
0.0010707
0.0014274
0.0028388
0.55759
0.040056
0.078697
0.045662
0.00082393
0
0.0015752
0.0034538
0.48032
0.001969
0.0013783
0.0023382
0.00035271
0.003938
0.00035271
0.0015506
0.00068087
0.0018788
0.21281
0.18848
0.22794
0.031713
0.23605
0.015857
0.096268
0.12834
0.25524
0.11028
0.049057
0.096268
0.015857
0.23975
0.10694
0.20803
0.059013
0.10622
0.17704
0.12393
0.21024
0.031713
0.35408
0.031713
0.13942
0.06122
0.16893
0.07487
0.06086
0.15492
0.19397
0.44336
0.11875
0.10402
0.029506
0.070815
0.0038874
0.0017293
0.0033935
0.00055896
0.0084513
0.0037698
0.0073333
0.0020803
0.0037445
0.0047195
0.0011052
0.0017944
0.0011179
0.0051229
0.0037359
0.055142
0.13227
0.0080106
0.0026392
0.0021454
0.0054611
0.0068378
0.015629
0.0041859
0.0036667
0.0010401
0.0024963
0.60093
0.29869
0.010374
0.0020929
0.0042907
0.0016769
0.01304
0.16629
0.70745
0.0015615
0.00036569
0.00059372
0.00036989
0.001695
0.0012361
0.018245
0.043764
0.0026504
0.016312
0.0037941
0.0010659
0.0020636
0.013954
0.021843
0.027724
0.50063
0.70577
0.19883
0.098827
0.0034325
0.00069249
0.0014197
0.00055483
0.0043144
0.05502
0.23407
0.28417
0.1204
0.010855
0.0010422
0.0074555
0.031033
0.043367
0.11397
0.16989
0.1546
0.19958
0.25357
0.057676
0.089219
0.05399
0.15193
0.066402
0.15361
0.17909
0.25557
0.3733
0.19081
0.1818
0.028838
0.11068
0.10429
0.18548
0.1972
0.15697
0.26463
0.014419
0.21465
0
0.048296
0.016099
0.18245
0.18614
0.15193
0.27671
0.072095
0.21465
0.057676
0.10868
0.04461
0.15394
0.16401
0.23405
0.34186
0.17474
0.16649
0.026409
0.10136
0.095509
0.16986
0.11517
0.16986
0.28473
0.11209
0.24204
0.013205
0.080167
0.024572
0.098286
0.17046
0.13914
0.25341
0.066023
0.19657
0.052819
0.099525
0.040853
0.14098
0.14435
0.21439
0.32916
0.19052
0.2617
0.052819
0.055296
0.02611
0.082005
0.028517
0.04206
0.070503
0.027755
0.059932
0.0032696
0.01985
0.0060842
0.024337
0.027606
0.021067
0.054303
0.0065393
0.098109
0.018782
0.041298
0.020231
0.028442
0.035743
0.053086
0.081504
0.047174
0.064799
0.013079
0.013692
0.0064651
0.020305
0.012168
0.0048674
0.017798
0.033458
0.033775
0.039997
0.12323
0.89454
0.36365
0.0012331
0.00094098
0.0024255
0.00029208
0.0043821
0.00083891
0.0018446
0.00090364
0.0012704
0.082091
0.0096665
0.0043008
0.0041753
0.013655
0.0022132
0.0043199
0.079129
0.72072
0.00054351
0.0002174
0.00079494
0.0014944
0.0015086
0.0017865
0.0055044
0.039955
0.016243
0.033717
0.01886
0.011039
0.0022111
0.0072721
0.0061477
0.0044692
0.18533
0.65514
0.081942
0.0096489
0.004293
0.0041677
0.01363
0.0022092
0.0043121
0.078985
0.71942
0.026161
0.0077047
0.0049875
0.028709
0.019302
0.007049
0.0033759
0.017232
0.045416
0.033656
0.018826
0.011019
0.0022071
0.0072589
0.0061366
0.0044611
0.18499
0.65395
0.017183
0.013892
0.0046653
0.0020244
0.0021685
0.0098555
0.0090581
0.016948
0.01318
0.17756
0.052291
0.03385
0.19485
0.131
0.047842
0.022912
0.11695
0.30824
0.24263
0.1379
0.051945
0.12099
0.18347
0.034634
0.066286
0.10673
0.50617
0.11662
0.094287
0.031663
0.01374
0.014718
0.066889
0.061477
0.11502
0.089452
0.25556
0.041126
0.0059801
0.0013842
0.027191
0.016293
0.056624
0.21376
0.47493
0.037796
0.021482
0.0080916
0.018846
0.02858
0.0053951
0.010326
0.016626
0.078848
0.48729
0.035005
0.068774
0.039905
0.00072004
0
0.0013766
0.0030183
0.41976
0.039809
0.0064064
0.00093154
0.00021562
0.0042357
0.002538
0.0088205
0.033299
0.073982
0.44965
0.0013786
0.00096884
0.0004651
0
0.00078042
0.00048145
0.0017277
0.59878
0.49173
0.035325
0.069402
0.040269
0.00072662
0
0.0013892
0.0030459
0.42359
0.0017364
0.0012155
0.0020621
0.00031105
0.0034729
0.00031105
0.0013675
0.00060046
0.0016569
0.45376
0.0013912
0.00097769
0.00046934
0
0.00078754
0.00048585
0.0017435
0.60424
0.0018557
0.0019066
0.0024094
0.00073787
0.0030461
0.00062211
0.0022141
0.001212
0.0015084
0.16484
0.11539
0.19575
0.029528
0.32967
0.029528
0.12981
0.057
0.15729
0.069709
0.056665
0.14424
0.18061
0.41281
0.11056
0.096847
0.027473
0.065935
0.17616
0.18099
0.22872
0.070044
0.28916
0.059055
0.21018
0.11505
0.14319
0.098902
0.049451
0.15557
0.014764
0.37707
0.084808
0.15351
0.043956
0.098902
0.002588
0.0021037
0.005355
0.006705
0.015325
0.0041046
0.0035954
0.0010199
0.0024478
0.58925
0.29289
0.010173
0.0020523
0.0042074
0.0016443
0.012786
0.16306
0.69371
0.0036717
0.0018359
0.0057754
0.00054811
0.013999
0.0031485
0.0056991
0.0016319
0.0036717
0.20788
0.0077094
0.0014917
0.00054811
0.0024478
0.00054811
0.0014917
0.0041412
0.12215
0.20774
0.10326
0.0035863
0.00072352
0.0014833
0.0005797
0.0045078
0.057486
0.24456
0.2969
0.12579
0.011342
0.0010889
0.0077896
0.032424
0.04531
0.11907
0.1775
0.073286
0.0027179
0.00052591
0.00019323
0.00086297
0.00019323
0.00052591
0.00146
0.043063
0.69549
0.024091
0.0046515
0.00096616
0
0.0024399
0.0052949
0.0093863
0.48827
0.22948
0.18267
0.30794
0.016779
0.24978
0
0.056201
0.018734
0.21232
0.21661
0.1768
0.322
0.083896
0.24978
0.067117
0.12647
0.051911
0.17914
0.070645
0.1042
0.19554
0.062827
0.078844
0.033558
0.16627
0.11202
0.050338
0.14167
0.17056
0.27047
0.062827
0.35361
0.033558
0.14754
0.085089
0.10849
0.17684
0.14435
0.26289
0.068495
0.20393
0.054796
0.10325
0.042382
0.14625
0.14976
0.22242
0.34148
0.19765
0.27149
0.054796
0.057366
0.027087
0.085075
0.11566
0.13925
0.22082
0.051294
0.2887
0.027398
0.12045
0.069469
0.088577
0.11598
0.23581
0.39195
0.11979
0.13193
0.11629
0.050672
0.061179
0.10197
0.0033038
0.0049068
0.0075335
0.0043604
0.0059895
0.0012089
0.0012656
0.00059758
0.0018769
0.0011247
0.0004499
0.001645
0.0030926
0.0031218
0.003697
0.011391
0.082683
0.033612
0.0025586
0.0052022
0.0086468
0.0026427
0.0029106
0.0025654
0.0011179
0.0013497
0.0022495
0.0015746
0
0.00029536
0.00060443
0.0042603
0.003697
0.017975
0.53675
0.83852
0.00053423
0.00021369
0.00078137
0.0014689
0.0014828
0.001756
0.0054104
0.039273
0.015965
0.033142
0.018538
0.010851
0.0021734
0.0071479
0.0060427
0.0043929
0.18217
0.64395
0.00074792
0
0.00014029
0.0002871
0.0020236
0.001756
0.0085379
0.25495
0.39828
0.2778
0.060679
0.03678
0.011057
0.022777
0.035344
0.071559
0.33627
0.35019
0.037613
0.02104
0.012315
0.0024666
0.0081124
0.0068581
0.0049857
0.20675
0.73084
0.019203
0.015526
0.0052138
0.0022625
0.0024235
0.011014
0.010123
0.01894
0.01473
0.31528
0.068866
0.041742
0.012549
0.02585
0.040113
0.081214
0.38164
0.39744
0.0063295
0.016698
0.011818
0.0081776
0.0083625
0.0096389
0.01057
0.0097508
0.010087
0.1293
0.10454
0.035107
0.015234
0.016318
0.074164
0.068163
0.12753
0.099181
0.28335
0.045599
0.0066305
0.0015347
0.030149
0.018065
0.062782
0.23701
0.52659
0.042619
0.11243
0.079579
0.055063
0.056308
0.064903
0.071174
0.065657
0.067917
0.18501
0.14038
0.092513
0.017298
0.007203
0.034029
0.17266
0.44688
0.41786
0.036263
0.0058357
0.00084856
0.00019641
0.0038584
0.0023119
0.0080348
0.030333
0.067392
0.4096
0.0012558
0.00088255
0.00042367
0
0.0007109
0.00043857
0.0015738
0.54544
0.023677
0.017966
0.01184
0.0022137
0.00092183
0.0043551
0.022097
0.057191
0.053477
0.23474
0.00048737
0.00031349
0
0
0
0.011514
0.041689
0.68057
0.41261
0.001265
0.00088902
0.00042678
0
0.00071612
0.00044179
0.0015854
0.54945
0.0016874
0.0017336
0.0021909
0.00067095
0.0027698
0.00056569
0.0020133
0.0011021
0.0013716
0.23647
0.00049095
0.00031579
0
0
0
0.011598
0.041994
0.68556
0.00067095
0.0013817
0.0026055
0.0015195
0.0023817
0.00095379
0.0018554
0.00087506
0.00059864
0.18005
0.18498
0.23376
0.071589
0.29553
0.060358
0.21481
0.11759
0.14635
0.10108
0.050542
0.159
0.015089
0.38539
0.086679
0.1569
0.044926
0.10108
0.071589
0.14742
0.278
0.16213
0.25412
0.10177
0.19797
0.093367
0.063873
0.15021
0.12496
0.16637
0.071589
0.22814
0.060358
0.19797
0.13092
0.17233
0.0081192
0.0040596
0.012771
0.001212
0.030955
0.0069622
0.012602
0.0036086
0.0081192
0.45968
0.017048
0.0032987
0.001212
0.0054128
0.001212
0.0032987
0.0091574
0.27011
0.012065
0.010037
0.013363
0.0057502
0.018325
0.0048481
0.015901
0.010516
0.013842
0.59923
0.13038
0.0046519
0.001212
0.025542
0.0045382
0.014124
0.17464
0.55225
0.06481
0.0024036
0.00046508
0.00017088
0.00076316
0.00017088
0.00046508
0.0012911
0.038083
0.61505
0.021305
0.0041135
0.00085441
0
0.0021577
0.0046825
0.0083007
0.4318
0.084485
0.018383
0.00065587
0.00017088
0.0036012
0.00063984
0.0019914
0.024623
0.077861
0.43264
0.040624
0.011462
0.0088775
0.0082595
0.0026718
0.0016537
0.031122
0.47412
0.081196
0.11977
0.22474
0.07221
0.09062
0.03857
0.1911
0.12875
0.057856
0.16283
0.19603
0.31087
0.07221
0.40642
0.03857
0.16957
0.097797
0.1247
0.1247
0.27723
0.3055
0.14935
0.14804
0
0
0.023778
0.03364
0.13861
0.091058
0.16689
0.23592
0.24764
0.11078
0.20053
0.057418
0.10048
0.12664
0.15247
0.24178
0.056163
0.3161
0.029999
0.13189
0.076064
0.096986
0.12698
0.25819
0.42915
0.13116
0.14446
0.12732
0.055482
0.066987
0.11164
0.10781
0.070822
0.1298
0.18349
0.19261
0.086162
0.15596
0.044658
0.078151
0.052328
0.11514
0.29434
0.15641
0.36775
0.071162
0.081646
0.059317
0.052328
0.0022781
0.004632
0.0076991
0.0023531
0.0025916
0.0022843
0.00099537
0.0012018
0.0020029
0.0014021
0
0.00026299
0.00053819
0.0037934
0.0032918
0.016005
0.47792
0.74662
0.00093878
0.0020656
0.0052806
0.0028061
0.0065975
0.0012767
0.0014648
0.0010642
0.00093878
0.096468
0.088295
0.18283
0.26319
0.13272
0
0.034432
0.21845
0.16535
0.0008061
0
0.0001512
0.00030942
0.002181
0.0018926
0.009202
0.27478
0.42926
0.2994
0.065398
0.03964
0.011917
0.024548
0.038093
0.077124
0.36242
0.37742
0.055463
0.050764
0.10512
0.15132
0.076304
0
0.019796
0.12559
0.095067
0.37079
0.097306
0.004137
0.0007863
0.060967
0.051087
0.098499
0.29667
0.20264
0.34184
0.074668
0.045259
0.013607
0.028028
0.043493
0.088056
0.41379
0.43092
0.0068627
0.018105
0.012814
0.0088665
0.009067
0.010451
0.011461
0.010572
0.010936
0.42335
0.1111
0.0047234
0.00089775
0.069608
0.058328
0.11246
0.33872
0.23137
0.30313
0.030868
0.0076105
0.0019394
0.11408
0.041954
0.01804
0.0071388
0.13422
0.017557
0.046319
0.032784
0.022684
0.023197
0.026738
0.029321
0.027048
0.027979
0.076216
0.057832
0.038112
0.007126
0.0029673
0.014019
0.07113
0.1841
0.17214
0.77552
0.078973
0.019471
0.0049618
0.29186
0.10733
0.046152
0.018264
0.34338
0.10543
0.016434
0.016149
0.016644
0.115
0.17142
0.10628
0.070669
0.13007
0.026548
0.020144
0.013275
0.0024821
0.0010336
0.004883
0.024776
0.064124
0.05996
0.2632
0.00054646
0.0003515
0
0
0
0.01291
0.046743
0.76308
0.036723
0.0057242
0.0056251
0.0057974
0.040058
0.059709
0.037018
0.024615
0.045306
0.30296
0.06441
0.0056951
0.0024514
0
0.051821
0.072377
0.1195
0.45566
0.26591
0.00055207
0.00035511
0
0
0
0.013042
0.047223
0.77092
0.00075449
0.0015537
0.0029299
0.0017087
0.0026782
0.0010725
0.0020864
0.00098401
0.00067317
0.30608
0.065071
0.0057536
0.0024766
0
0.052354
0.073121
0.12073
0.46034
0.00099122
0.0015537
0.0027745
0.00095417
0.0021677
0.0010725
0.0010211
0.0006289
0.00090991
0.071393
0.14702
0.27724
0.16168
0.25343
0.10149
0.19742
0.093111
0.063698
0.1498
0.12462
0.16592
0.071393
0.22752
0.060192
0.19742
0.13056
0.17186
0.093794
0.14702
0.26253
0.090288
0.20512
0.10149
0.096617
0.059509
0.0861
0.059851
0.091358
0.27724
0.20298
0.43264
0.10534
0.13548
0.046556
0.059851
0.014189
0.011804
0.015716
0.0067625
0.021551
0.0057015
0.0187
0.012367
0.016279
0.70472
0.15334
0.0054708
0.0014254
0.030039
0.0053371
0.016611
0.20539
0.64946
0.0056692
0.0086537
0.026261
0.019227
0.04098
0.0099777
0.012833
0.0044099
0.0056692
0.014769
0.072807
0.027704
0.0053371
0.04622
0.02705
0.014312
0.011386
0.007459
0.089432
0.019459
0.00069427
0.00018089
0.0038121
0.0006773
0.002108
0.026065
0.08242
0.45797
0.043003
0.012133
0.0093973
0.0087431
0.0028282
0.0017505
0.032945
0.50189
0.0018742
0.0092396
0.0035157
0.0006773
0.0058656
0.0034328
0.0018163
0.0014449
0.00094658
0.52263
0.46794
0.091391
0.1124
0.077098
0.0028164
0.0032424
0.002811
0.0049472
0.13168
0.29275
0.3226
0.15771
0.15632
0
0
0.025109
0.035523
0.14637
0.096154
0.17623
0.24912
0.26151
0.11698
0.21175
0.060632
0.10611
0.17715
0.2018
0.26717
0.13735
0.15632
0.081459
0.15349
0.16344
0.1473
0.11698
0.20891
0.27996
0.061094
0.1819
0
0.090948
0.10611
0.13642
0.13837
0.090895
0.16659
0.23549
0.2472
0.11058
0.20017
0.057315
0.1003
0.067159
0.14777
0.37777
0.20075
0.47198
0.091332
0.10479
0.076129
0.067159
0.11058
0.19749
0.26465
0.057752
0.17195
0
0.085973
0.1003
0.12896
0.019251
0.088216
0.21225
0.038501
0.11463
0.038501
0.19076
0.081051
0.019251
0.0020301
0.0044668
0.011419
0.0060681
0.014267
0.0027607
0.0031675
0.0023012
0.0020301
0.20861
0.19093
0.39537
0.56914
0.287
0
0.074458
0.47239
0.35757
0.0005819
0.0026665
0.0064159
0.0011638
0.003465
0.0011638
0.0057662
0.00245
0.0005819
0.0057926
0.0069846
0.0069846
0.0071184
0.0057398
0.0039245
0.0095834
0.003546
0.0049
0.090921
0.083218
0.17232
0.24806
0.12509
0
0.032452
0.20589
0.15584
0.60785
0.15952
0.0067819
0.001289
0.099944
0.083747
0.16147
0.48634
0.3322
0.0025247
0.0030442
0.0030442
0.0031026
0.0025017
0.0017105
0.0041769
0.0015455
0.0021357
0.10961
0.10681
0.0056389
0.0012681
0.0018878
0.00025362
0.0032388
0.0022891
0.041599
0.46951
0.12321
0.0052383
0.00099562
0.077197
0.064687
0.12472
0.37565
0.25659
0.33618
0.034234
0.0084402
0.0021509
0.12652
0.046528
0.020006
0.0079171
0.14885
0.084665
0.082499
0.0043555
0.0009795
0.0014581
0.0001959
0.0025016
0.0017681
0.032131
0.47839
0.29064
0.080578
0.16455
0.081474
0.034987
0.0098867
0.023671
0.078736
0.33567
0.034182
0.0084275
0.0021476
0.12633
0.046458
0.019976
0.0079052
0.14862
0.045633
0.007113
0.0069899
0.007204
0.049778
0.074196
0.046
0.030588
0.056299
0.47767
0.29021
0.080457
0.1643
0.081351
0.034934
0.0098718
0.023635
0.078618
0.50071
0.07972
0.048737
0.049976
0.11967
0.20806
0.17513
0.1168
0.32339
0.040226
0.0062702
0.0061617
0.0063504
0.04388
0.065404
0.04055
0.026964
0.049628
0.33186
0.070554
0.0062384
0.0026852
0
0.056765
0.079281
0.1309
0.49913
0.44138
0.070274
0.042962
0.044055
0.10549
0.18341
0.15438
0.10296
0.28507
0.36808
0.028674
0.0090762
0.0069162
0.00014752
0.0078547
0.028997
0.032353
0.30644
0.42036
0.089368
0.0079019
0.0034013
0
0.071901
0.10042
0.16581
0.63222
0.0013613
0.0021338
0.0038104
0.0013104
0.0029771
0.001473
0.0014023
0.00086372
0.0012496
0.46623
0.036321
0.011496
0.0087605
0.00018685
0.0099492
0.036729
0.040981
0.38815
0.0031446
0.0023014
0.0043163
0.0016977
0.0012711
0.0010362
0.0019204
0.0021946
0.0035765
0.091422
0.1433
0.25589
0.088005
0.19993
0.098922
0.094173
0.058004
0.083922
0.058337
0.089048
0.27023
0.19784
0.42169
0.10267
0.13205
0.045378
0.058337
0.21118
0.15455
0.28987
0.11401
0.08536
0.069587
0.12897
0.14738
0.24018
0.11292
0.050837
0.11976
0.084255
0.33094
0.072447
0.17319
0.14672
0.13167
0.045442
0.069364
0.21049
0.15411
0.32848
0.079977
0.10286
0.035347
0.045442
0.11838
0.58359
0.22206
0.04278
0.37048
0.21682
0.11472
0.091262
0.059788
0.087962
0.0396
0.093286
0.06563
0.25779
0.056433
0.13491
0.11429
0.10257
0.04278
0.084782
0.14431
0.06563
0.087703
0.022851
0.049435
0.04093
0.039859
0.0023737
0.011702
0.0044528
0.00085783
0.007429
0.0043477
0.0023004
0.00183
0.0011989
0.66194
0.59266
0.11575
0.14236
0.097648
0.0035671
0.0041066
0.0035603
0.0062658
0.00085783
0.0017001
0.0028938
0.001316
0.0017586
0.0004582
0.00099128
0.00082075
0.00079926
0.18085
0.32042
0.17256
0.02653
0.0010765
0.011955
0.010725
0.00086107
0.030457
0.15889
0.18099
0.23963
0.12319
0.14021
0.073061
0.13767
0.14659
0.13211
0.10492
0.18738
0.2511
0.054796
0.16314
0
0.081572
0.095167
0.12236
0.19075
0.22391
0.29188
0.10492
0.058637
0.03653
0.22178
0.22645
0.22219
0.13637
0.11515
0.17845
0.12319
0.27616
0.018265
0.13128
0.22219
0.24005
0.11647
0.208
0.27873
0.060826
0.1811
0
0.090549
0.10564
0.13582
0.020275
0.092911
0.22355
0.040551
0.12073
0.040551
0.20091
0.085365
0.020275
0.15137
0.12782
0.19809
0.13674
0.30655
0.020275
0.14573
0.24665
0.26646
0.14101
0.11555
0.28155
0.020275
0.39238
0.020275
0.16837
0.077819
0.14101
0.017701
0.081113
0.19516
0.035402
0.1054
0.035402
0.1754
0.074526
0.017701
0.17621
0.21246
0.21246
0.21653
0.1746
0.11938
0.29152
0.10787
0.14905
0.1231
0.10088
0.2458
0.017701
0.34256
0.017701
0.14699
0.067938
0.1231
0.17248
0.25571
0.18652
0.017701
0.23715
0.12283
0.20655
0.1931
0.21533
0.015828
0.019085
0.019085
0.019451
0.015684
0.010724
0.026186
0.0096893
0.013389
0.68719
0.66961
0.035352
0.0079501
0.011835
0.00159
0.020305
0.014351
0.26079
0.015494
0.02297
0.016754
0.00159
0.021303
0.011034
0.018554
0.017346
0.019343
0.015015
0.011022
0.021303
0.0043636
0.043717
0.019857
0.023191
0.0098384
0.015015
0.083795
0.081651
0.0043107
0.00096942
0.0014431
0.00019388
0.0024759
0.00175
0.031801
0.47347
0.28765
0.07975
0.16285
0.080636
0.034627
0.009785
0.023427
0.077926
0.0018309
0.001344
0.0025976
0.00053208
0.0053308
0.0024214
0.0028279
0.0011997
0.0018309
0.69895
0.042097
0.0093798
0.0096221
0.0080984
0.0039892
0.010987
0.027868
0.37353
0.31736
0.19281
0.053454
0.10916
0.054049
0.02321
0.0065587
0.015703
0.052232
0.33267
0.052965
0.03238
0.033203
0.07951
0.13823
0.11635
0.077603
0.21485
0.46849
0.028217
0.0062871
0.0064495
0.0054282
0.0026739
0.0073647
0.018679
0.25037
0.3733
0.36875
0.031772
0.00051983
0
0
0
0.007224
0.27241
0.32657
0.051995
0.031787
0.032596
0.078054
0.1357
0.11422
0.076182
0.21092
0.27234
0.021216
0.0067153
0.0051172
0.00010915
0.0058116
0.021454
0.023938
0.22673
0.36646
0.362
0.03119
0.00051031
0
0
0
0.0070917
0.26743
0.23885
0.52625
0.040287
0.0016346
0.0044748
0.0025522
0.00028032
0.0050169
0.0047094
0.39992
0.031155
0.0098612
0.0075145
0.00016028
0.0085341
0.031505
0.035152
0.33295
0.0026973
0.001974
0.0037024
0.0014562
0.0010903
0.00088881
0.0016473
0.0018825
0.0030678
0.35074
0.77278
0.059159
0.0024003
0.0065711
0.0037478
0.00041165
0.0073671
0.0069156
0.015185
0.039372
0.0086502
0.00093671
0.0033903
0.0012635
0.0012028
0.00050988
0.0017212
0.060558
0.044319
0.083122
0.032694
0.024478
0.019955
0.036982
0.042264
0.068874
0.032382
0.014578
0.034342
0.024161
0.094899
0.020775
0.049665
0.042073
0.037759
0.34092
0.88394
0.1942
0.02103
0.076115
0.028367
0.027005
0.011447
0.038643
0.027291
0.050975
0.083356
0.028367
0.044809
0.008412
0.022894
0.011543
0.029156
0.12166
0.054769
0.12902
0.090772
0.35654
0.078052
0.18659
0.15807
0.14186
0.059168
0.11726
0.19959
0.090772
0.1213
0.031604
0.068372
0.05661
0.055128
0.10253
0.19151
0.31317
0.10657
0.16835
0.031604
0.086015
0.043366
0.10954
0.063208
0.17203
0.29773
0.11834
0.50136
0.11061
0.19519
0.066531
0.051088
0.002094
0.0041499
0.0070637
0.0032125
0.0042929
0.0011185
0.0024197
0.0020035
0.001951
0.44145
0.78215
0.42123
0.06476
0.0026279
0.029182
0.026181
0.0021019
0.074346
0.002237
0.0060882
0.010537
0.004188
0.017743
0.0039147
0.0069081
0.0023546
0.001808
0.04519
0.033516
0.011304
0.0023018
0.0021862
0.006248
0.006057
0.0028487
0.024384
0.14173
0.16636
0.21687
0.077956
0.043567
0.027142
0.16478
0.16825
0.16509
0.10132
0.085553
0.13259
0.091527
0.20519
0.013571
0.097543
0.16509
0.17835
0.13826
0.23814
0.38436
0.097401
0.31176
0.11818
0.21699
0.026834
0.10448
0.21907
0.14963
0.35512
0.013571
0.10101
0
0.045456
0.031885
0.2156
0.11419
0.096419
0.14943
0.10315
0.23125
0.015295
0.10993
0.18606
0.20101
0.10637
0.087163
0.21239
0.015295
0.29599
0.015295
0.12701
0.058703
0.10637
0.24689
0.16863
0.40023
0.015295
0.11384
0
0.051229
0.035934
0.24298
0.13696
0.15334
0.31272
0.21378
0.2455
0.087857
0.12488
0.053358
0.15156
0.10942
0.089666
0.21849
0.015734
0.30449
0.015734
0.13066
0.060388
0.10942
0.15332
0.2273
0.16579
0.015734
0.2108
0.10918
0.1836
0.17164
0.1914
0.14089
0.15774
0.3217
0.21992
0.25255
0.09038
0.12847
0.05489
0.15591
0.086001
0.14237
0.3689
0.043179
0.12444
0.074646
0.12078
0.11345
0.1442
0.14185
0.2103
0.15339
0.014557
0.19504
0.10102
0.16987
0.15881
0.17709
0.13747
0.10091
0.19504
0.03995
0.40025
0.1818
0.21233
0.090075
0.13747
0.07957
0.13172
0.34132
0.03995
0.11514
0.069065
0.11175
0.10496
0.13342
0.1483
0.11175
0.256
0.058229
0.30339
0.043672
0.13511
0.073822
0.1483
0.0017578
0.0012903
0.0024939
0.00051083
0.0051179
0.0023246
0.0027149
0.0011518
0.0017578
0.67103
0.040416
0.0090051
0.0092378
0.0077749
0.0038299
0.010549
0.026754
0.35861
0.0018963
0.0014289
0.0032734
0.00074456
0.0038794
0.00055842
0.0017276
0.00094394
0.0018963
0.62328
0.063002
0.0043586
0.003638
0.003855
0.00020609
0.0045542
0.0099329
0.16031
0.46817
0.028197
0.0062827
0.006445
0.0054244
0.002672
0.0073595
0.018666
0.2502
0.37304
0.36849
0.03175
0.00051947
0
0
0
0.0072189
0.27222
0.43485
0.043955
0.0030409
0.0025381
0.0026896
0.00014379
0.0031774
0.00693
0.11184
0.31129
0.018348
0.0013868
0
0.0013533
0
0.00043498
0.0029678
0.25677
0.33043
0.32641
0.028124
0.00046014
0
0
0
0.0063945
0.24114
0.21537
0.47451
0.036326
0.0014739
0.0040349
0.0023013
0.00025277
0.0045237
0.0042464
0.27574
0.016252
0.0012284
0
0.0011987
0
0.00038531
0.0026288
0.22744
0.52792
0.21229
0.010471
0.0015745
0.0016123
8.0403e-05
0.00043334
0.0028161
0.02095
0.26508
0.58404
0.044711
0.0018141
0.0049662
0.0028324
0.00031111
0.0055678
0.0052266
0.011476
0.029756
0.0065375
0.00070794
0.0025623
0.00095491
0.00090907
0.00038535
0.0013008
0.64977
0.26129
0.012888
0.0019379
0.0019844
9.8962e-05
0.00053336
0.0034661
0.025786
0.2947
0.020094
0.0037355
0.00014159
0.0008431
0.00028317
0.00045454
0.00027996
0.082893
0.037186
0.096418
0.021183
0.0022939
0.0083025
0.0030942
0.0029456
0.0012486
0.0042151
0.0029769
0.0055602
0.0090923
0.0030942
0.0048876
0.00091756
0.0024973
0.001259
0.0031802
0.9549
0.065109
0.012104
0.00045878
0.0027319
0.00091756
0.0014728
0.00090715
0.26859
0.0025077
0.0024438
0.0067554
0.0022939
0.010458
0.0038944
0.0042581
0.0017609
0.0025077
0.096989
0.18116
0.29624
0.10081
0.15924
0.029895
0.081363
0.041021
0.10361
0.05979
0.16273
0.28163
0.11194
0.47425
0.10463
0.18464
0.062933
0.048325
0.081702
0.079622
0.2201
0.074737
0.34074
0.12688
0.13873
0.05737
0.081702
0.070576
0.090747
0.24617
0.14183
0.23296
0.10081
0.14604
0.05737
0.070576
0.031049
0.084503
0.14625
0.058128
0.24628
0.054335
0.095882
0.032681
0.025095
0.62723
0.46519
0.1569
0.031949
0.030344
0.086721
0.08407
0.039539
0.33844
0.03665
0.047125
0.12784
0.073653
0.12098
0.052351
0.075837
0.029792
0.03665
0.046221
0.0057776
0.017333
0
0.20006
0.081415
0.14029
0.059584
0.05019
0.0029401
0.0050641
0.0081736
0.0020713
0.0066297
0.0025132
0.0046144
0.00057064
0.0022219
0.0046585
0.0031819
0.0075519
0.00028859
0.0021481
0
0.00096663
0.00067804
0.0045847
0.0043658
0.0080257
0.21869
0.73382
0.30671
0.085887
0.022675
0.0085572
0.0023593
0.0012044
0.015485
0.064523
0.30729
0.45724
0.056758
0.010415
0.0045638
0.003187
0.005573
0.0038066
0.0090344
0.00034524
0.0025698
0
0.0011564
0.00081114
0.0054847
0.0030915
0.0034613
0.007059
0.0048256
0.0055417
0.0019832
0.0028189
0.0012044
0.0034211
0.0014409
0.018525
0.077189
0.36762
0.54699
0.0679
0.012459
0.0054597
0.0038126
0
0.0063253
0.0078388
0.092936
0.64836
0.35356
0.006422
0.0078756
0.0027459
0.0023622
0.0026448
0.0053937
0.0036872
0.0042343
0.0015153
0.0021539
0.0009203
0.002614
0.0014419
0.002387
0.0061851
0.00072395
0.0020864
0.0012515
0.002025
0.0019021
0.0024177
0
0.0048331
0.0059895
0.071011
0.49541
0.27015
0.004907
0.0060177
0.0020981
0
0.0011781
0.0058139
0.25108
0.77981
0.071384
0.00042343
9.8176e-05
0
0.0015828
0.0026202
0.0067895
0.00079469
0.0022903
0.0013738
0.0022229
0.0020879
0.0026539
0.0029501
0.0022229
0.0050923
0.0011583
0.0060351
0.00086873
0.0026877
0.0014685
0.0029501
0
0.0012932
0.006382
0.27561
0.85601
0.078359
0.00046481
0.00010777
0
0.00021554
0.00053885
0.030987
0.19097
0.35674
0.1395
0.027789
0.00053885
0.00021554
0.0018436
0.0013891
0.0031823
0.00072384
0.0037714
0.00054288
0.0016796
0.00091767
0.0018436
0.60594
0.061249
0.0042373
0.0035367
0.0037477
0.00020036
0.0044275
0.0096565
0.15585
0.00013469
0.00033674
0.019364
0.11934
0.22294
0.087173
0.017366
0.00033674
0.00013469
0.20378
0.011608
0.0049099
0.068294
0.062968
0.062116
0.021032
0.13593
0.67771
0.44253
0.044732
0.0030946
0.002583
0.0027371
0.00014633
0.0032335
0.0070524
0.11382
0.31678
0.018672
0.0014113
0
0.0013772
0
0.00044267
0.0030202
0.2613
0.14882
0.0084778
0.0035858
0.049877
0.045987
0.045365
0.01536
0.099272
0.49495
0.55849
0.064165
0.011395
0.018789
0.016743
0.0050433
0.00068325
9.8371e-05
0.1391
0.28668
0.016898
0.0012772
0
0.0012463
0
0.0004006
0.0027332
0.23647
0.54887
0.22072
0.010887
0.001637
0.0016763
8.3595e-05
0.00045054
0.0029279
0.021782
0.50542
0.058067
0.010312
0.017004
0.015152
0.0045641
0.00061832
8.9022e-05
0.12588
0.41002
0.08798
0.018519
0.0064208
0.028881
0.0186
0.0092443
0.022079
0.24023
0.57028
0.22933
0.011311
0.0017008
0.0017417
8.6855e-05
0.00046811
0.0030421
0.022631
0.25865
0.017635
0.0032785
0.00012427
0.00073996
0.00024853
0.00039893
0.00024571
0.072752
0.42601
0.091412
0.019241
0.0066713
0.030007
0.019326
0.0096049
0.02294
0.2496
0.52392
0.1283
0.0050323
0.00031383
0.0019911
0.0028471
0.0050818
0.0041417
0.059441
0.42658
0.029086
0.0054072
0.00020495
0.0012204
0.0004099
0.00065795
0.00040525
0.11999
0.0011202
0.0010917
0.0030178
0.0010247
0.004672
0.0017397
0.0019022
0.00078662
0.0011202
0.8641
0.21161
0.0082996
0.0005176
0.0032839
0.0046957
0.0083814
0.0068308
0.098035
0.0037365
0.0065417
0.020299
0.012026
0.018686
0.0174
0.011418
0.0021508
0.005984
0.019721
0.019218
0.053125
0.018039
0.082244
0.030626
0.033486
0.013847
0.019721
0.017035
0.021904
0.059418
0.034234
0.056231
0.024333
0.035249
0.013847
0.017035
0.065777
0.11516
0.35733
0.21171
0.32894
0.30631
0.201
0.037862
0.10534
0.050596
0.0296
0.22373
0.37831
0.48447
0.26797
0.15547
0.049543
0.030666
0.012377
0.015914
0.04317
0.024873
0.040854
0.017679
0.02561
0.010061
0.012377
0.015609
0.0019511
0.0058533
0
0.067559
0.027494
0.047378
0.020122
0.016949
0.036761
0.021506
0.16255
0.27486
0.35199
0.19469
0.11296
0.035995
0.02228
0.089532
0.04626
0.037524
0.1016
0.17331
0.33178
0.67593
0.28853
0.058365
0.0035934
0.0066059
0.18
0.604
0.25245
0.070692
0.018663
0.0070433
0.0019419
0.00099135
0.012746
0.053108
0.25293
0.37635
0.046717
0.0085724
0.0037564
0.0026232
0.024323
0.041797
0.095224
0.16007
0.15922
0.033918
0.047675
0.054675
0.041167
0.041061
0.011898
0.050333
0.13953
0.42198
0.20307
0.07547
0.045531
0.036605
0.001025
0.013179
0.054911
0.26152
0.38912
0.048303
0.0088634
0.0038839
0.0027122
0
0.0044997
0.0055764
0.066113
0.46124
0.25152
0.0045685
0.0056026
0.0019534
0.042455
0.012302
0.052042
0.14426
0.43631
0.20996
0.078032
0.047076
0.037848
0.016609
0.033133
0.048298
0.1257
0.38897
0.22283
0.05988
0.01597
0.011429
0
0.0038746
0.0048017
0.056928
0.39715
0.21657
0.0039338
0.0048242
0.001682
0
0.00094446
0.0046609
0.20128
0.62515
0.057226
0.00033946
7.8705e-05
0
0.014302
0.028529
0.041588
0.10823
0.33493
0.19187
0.051561
0.013751
0.0098411
0.056132
0.031836
0.044554
0.14008
0.26176
0.21213
0.18842
0.11166
0.06128
0
0.00099636
0.004917
0.21234
0.65951
0.060371
0.00035811
8.303e-05
0
0.00016606
0.00041515
0.023874
0.14713
0.27485
0.10747
0.02141
0.00041515
0.00016606
0.059217
0.033586
0.047003
0.14778
0.27615
0.22378
0.19877
0.1178
0.064648
0.047572
0.038382
0.04178
0.19156
0.30046
0.23498
0.058796
0.044709
0.028495
0.00014971
0.00037427
0.021522
0.13264
0.24778
0.096889
0.019302
0.00037427
0.00014971
0.22649
0.012902
0.0054571
0.075905
0.069986
0.069039
0.023376
0.15108
0.75325
0.042887
0.034602
0.037665
0.17269
0.27087
0.21184
0.053006
0.040306
0.025689
0.010581
0.0089739
0.029352
0.10781
0.22327
0.12678
0.1172
0.054906
0.012175
0.17046
0.0097106
0.0041072
0.057129
0.052674
0.051961
0.017594
0.11371
0.56692
0.6397
0.073494
0.013052
0.021521
0.019178
0.0057767
0.00078259
0.00011267
0.15933
0.0079638
0.0067541
0.022091
0.081145
0.16804
0.095418
0.088207
0.041324
0.0091634
0.098968
0.1207
0.032955
0.087425
0.30656
0.054203
0.01616
0.028095
0.035539
0.63285
0.072707
0.012912
0.021291
0.018972
0.0057148
0.00077421
0.00011147
0.15762
0.5134
0.11016
0.023188
0.0080397
0.036162
0.02329
0.011575
0.027646
0.3008
0.097908
0.11941
0.032602
0.086489
0.30328
0.053623
0.015987
0.027794
0.035159
0.011402
0.012618
0.003975
0.021621
0.16091
0.17897
0.040868
0.082522
0.046239
0.52064
0.11172
0.023516
0.0081532
0.036673
0.023619
0.011738
0.028036
0.30505
0.64031
0.1568
0.0061501
0.00038355
0.0024334
0.0034796
0.0062107
0.0050617
0.072645
0.011563
0.012796
0.0040311
0.021926
0.16318
0.18149
0.041445
0.083686
0.046891
0.12003
0.07897
0.084618
0.1362
0.22026
0.11315
0.026454
0.014134
0.010807
0.71042
0.17397
0.0068236
0.00042554
0.0026999
0.0038606
0.0068908
0.005616
0.0806
0.003072
0.0053782
0.016689
0.0098874
0.015362
0.014306
0.0093874
0.0017683
0.0049198
0.13317
0.087618
0.093884
0.15111
0.24438
0.12554
0.02935
0.015682
0.01199
0.0059421
0.0034137
0.0093882
0.072375
0.49745
0.26416
0.030005
0.0080967
0.0069168
0.0039486
0.0069129
0.021451
0.012709
0.019746
0.018388
0.012066
0.0022728
0.0063236
0.0030373
0.0017769
0.01343
0.02271
0.029083
0.016086
0.0093331
0.0029741
0.0018409
0.0076376
0.0043877
0.012067
0.093027
0.63939
0.33954
0.038567
0.010407
0.0088905
0.0086487
0.015307
0.019295
0.30216
0.60405
0.066614
0.021024
0.0065065
0.0065032
0.00345
0.0020183
0.015255
0.025795
0.033034
0.018272
0.010601
0.0033782
0.002091
0.0084025
0.0043415
0.0035216
0.009535
0.016265
0.031137
0.063436
0.027079
0.0054775
0.0098238
0.017387
0.021917
0.34321
0.68612
0.075665
0.023881
0.0073906
0.0073868
0.023336
0.044536
0.017072
0.026157
0.5173
0.3446
0.074197
0.0070889
0.0081239
0.035989
0.061845
0.1409
0.23684
0.23559
0.050186
0.070542
0.080899
0.060912
0.060755
0.017604
0.074474
0.20645
0.62438
0.30047
0.11167
0.067368
0.054161
0.21659
0.12705
0.10103
0.07688
0.2271
0.076819
0.053216
0.021872
0.16471
0.06738
0.0073101
0.017291
0.027033
0.23452
0.22803
0.09067
0.030835
0.067626
0.054819
0.015884
0.067198
0.18628
0.56337
0.27111
0.10076
0.060786
0.04887
0.021446
0.042782
0.062364
0.1623
0.50225
0.28773
0.077319
0.020621
0.014757
0.060797
0.0065959
0.015601
0.024392
0.21161
0.20575
0.081811
0.027822
0.061019
0.12928
0.040582
0.030249
0.031654
0.03752
0.14366
0.1321
0.059973
0.099818
0.020532
0.040957
0.059705
0.15538
0.48083
0.27546
0.074022
0.019741
0.014128
0.080584
0.045705
0.063963
0.2011
0.37579
0.30453
0.2705
0.16031
0.087975
0.12377
0.038852
0.028959
0.030304
0.03592
0.13754
0.12647
0.057415
0.095562
0.27337
0.072226
0.098488
0.12062
0.053055
0.0566
0.10485
0.037491
0.27118
0.081735
0.046357
0.064876
0.20398
0.38115
0.30888
0.27436
0.16259
0.089231
0.065662
0.052977
0.057668
0.2644
0.41472
0.32433
0.081155
0.06171
0.039331
0.27727
0.073257
0.099894
0.12234
0.053812
0.057409
0.10635
0.038027
0.27505
0.053947
0.0092537
0.038652
0.031974
0.093633
0.073178
0.027726
0.010563
0.056686
0.077408
0.062453
0.067983
0.3117
0.4889
0.38235
0.095672
0.072749
0.046367
0.019098
0.016197
0.052978
0.1946
0.40298
0.22883
0.21153
0.099101
0.021975
0.063597
0.010909
0.045566
0.037694
0.11038
0.086269
0.032685
0.012452
0.066826
0.23224
0.11903
0.060876
0.073834
0.049534
0.038017
0.040971
0.033793
0.24177
0.01662
0.014095
0.046102
0.16934
0.35068
0.19913
0.18408
0.086239
0.019123
0.20654
0.2519
0.068775
0.18245
0.63976
0.11312
0.033725
0.05863
0.074167
0.2021
0.10358
0.052975
0.064251
0.043105
0.033083
0.035653
0.029408
0.21039
0.15662
0.024404
0.044726
0.087954
0.11528
0.038748
0.01681
0.020164
0.17297
0.20504
0.25007
0.068277
0.18113
0.63512
0.1123
0.033481
0.058206
0.07363
0.023878
0.026426
0.0083244
0.045279
0.33698
0.3748
0.085587
0.17282
0.096834
0.15549
0.024227
0.044402
0.087318
0.11444
0.038468
0.016688
0.020018
0.17172
0.1526
0.016041
0.021714
0.050447
0.050381
0.045484
0.02356
0.029725
0.12781
0.025766
0.028515
0.0089827
0.048859
0.36363
0.40443
0.092355
0.18648
0.10449
0.26746
0.17598
0.18856
0.3035
0.49083
0.25215
0.058949
0.031496
0.024081
0.16467
0.01731
0.023431
0.054437
0.054365
0.049081
0.025423
0.032076
0.13792
0.1223
0.033462
0.0046369
0.080837
0.053337
0.068355
0.015192
0.056562
0.12554
0.19012
0.12509
0.13403
0.21573
0.34889
0.17923
0.041901
0.022388
0.017117
0.008483
0.0048734
0.013403
0.10332
0.71017
0.37713
0.042836
0.011559
0.0098746
0.08693
0.023785
0.003296
0.05746
0.037913
0.048587
0.010799
0.040205
0.089236
0.13805
0.030536
0.010232
0.018573
0.026601
0.030972
0.033861
0.022204
0.13804
0.0074934
0.0043049
0.011839
0.09127
0.62732
0.33313
0.037839
0.010211
0.0087226
0.0084853
0.015018
0.018931
0.29645
0.59264
0.065356
0.020627
0.0063836
0.0063804
0.12194
0.026974
0.0090384
0.016407
0.023498
0.027358
0.02991
0.019614
0.12193
0.040991
0.007413
0.0029168
0.012607
0.028695
0.043496
0.023457
0.013336
0.045354
0.0097666
0.017286
0.02179
0.34122
0.68213
0.075225
0.023742
0.0073476
0.0073438
0.0232
0.044277
0.016972
0.026004
0.5143
0.34259
0.073765
0.0070476
0.0080767
0.04718
0.0085324
0.0033572
0.01451
0.033028
0.050064
0.026999
0.01535
0.052203
0.058019
0.035676
0.020583
0.026163
0.035275
0.014185
0.0060965
0.0085638
0.0554
0.2724
0.15979
0.12706
0.096689
0.28561
0.096612
0.066928
0.027508
0.20714
0.084741
0.0091937
0.021746
0.033999
0.29495
0.28678
0.11403
0.038779
0.085051
0.48167
0
0
0
0
0
0
0
0.48167
0.18951
0
0
0
0
0
0
0
0.18951
0.11512
0.012489
0.029541
0.046187
0.40068
0.38959
0.15491
0.052681
0.11554
0.2448
0.076842
0.057276
0.059936
0.071043
0.27202
0.25013
0.11356
0.18901
0.25745
0
0
0
0
0
0
0
0.25745
0.34326
0
0
0
0
0
0
0
0.34326
0.12526
0.03932
0.029308
0.030669
0.036352
0.13919
0.12799
0.058107
0.096713
0.27666
0.073096
0.099675
0.12207
0.053694
0.057282
0.10611
0.037943
0.27445
0.17564
0
0
0
0
0
0
0
0.17564
0.57816
0
0
0
0
0
0
0
0.57816
0.28925
0.076423
0.10421
0.12763
0.056138
0.059889
0.11094
0.03967
0.28694
0.056279
0.0096536
0.040322
0.033356
0.09768
0.076341
0.028924
0.011019
0.059136
0.60448
0
0
0
0
0
0
0
0.60448
0.10904
0
0
0
0
0
0
0
0.10904
0.078641
0.013489
0.056345
0.04661
0.13649
0.10668
0.040417
0.015398
0.082633
0.28718
0.14719
0.075275
0.091299
0.061251
0.04701
0.050662
0.041787
0.29896
0.15236
0
0
0
0
0
0
0
0.15236
0.58539
0
0
0
0
0
0
0
0.58539
0.23309
0.11946
0.061097
0.074103
0.049714
0.038156
0.04112
0.033917
0.24265
0.18064
0.028146
0.051584
0.10144
0.13295
0.044689
0.019387
0.023255
0.19949
0.47513
0
0
0
0
0
0
0
0.47513
0.38618
0
0
0
0
0
0
0
0.38618
0.21587
0.033636
0.061647
0.12123
0.15889
0.053407
0.023169
0.027792
0.2384
0.21187
0.022271
0.030147
0.07004
0.069947
0.063149
0.03271
0.04127
0.17745
0.46151
0
0
0
0
0
0
0
0.46151
0.40447
0
0
0
0
0
0
0
0.40447
0.24493
0.025747
0.034852
0.080969
0.080862
0.073003
0.037814
0.04771
0.20514
0.1819
0.049772
0.006897
0.12024
0.079334
0.10167
0.022597
0.08413
0.18673
0.46759
0
0
0
0
0
0
0
0.46759
0.40465
0
0
0
0
0
0
0
0.40465
0.15244
0.041709
0.0057796
0.10076
0.066481
0.0852
0.018936
0.070501
0.15648
0.24207
0.053546
0.017942
0.032569
0.046646
0.05431
0.059376
0.038936
0.24205
0.33909
0
0
0
0
0
0
0
0.33909
0.52999
0
0
0
0
0
0
0
0.52999
0.27238
0.060252
0.020189
0.036648
0.052487
0.061112
0.066812
0.043812
0.27236
0.091562
0.016559
0.0065153
0.02816
0.064097
0.097159
0.052396
0.02979
0.10131
0.59636
0
0
0
0
0
0
0
0.59636
0.20632
0
0
0
0
0
0
0
0.20632
0.18101
0.032735
0.01288
0.05567
0.12671
0.19208
0.10358
0.058892
0.20028
0.2226
0.13687
0.078967
0.10038
0.13534
0.054424
0.02339
0.032856
0.21255
0.40789
0
0
0
0
0
0
0
0.40789
0.43024
0
0
0
0
0
0
0
0.43024
0.46528
0
0
0
0
0
0
0
0.46528
0.18306
0
0
0
0
0
0
0
0.18306
0.46528
0
0
0
0
0
0
0
0.46528
0.18306
0
0
0
0
0
0
0
0.18306
0.3
0
0
0
0
0
0
0
0.3
0.4
0
0
0
0
0
0
0
0.4
0.3
0
0
0
0
0
0
0
0.3
0.4
0
0
0
0
0
0
0
0.4
0.14534
0
0
0
0
0
0
0
0.14534
0.47841
0
0
0
0
0
0
0
0.47841
0.14534
0
0
0
0
0
0
0
0.14534
0.47841
0
0
0
0
0
0
0
0.47841
0.49206
0
0
0
0
0
0
0
0.49206
0.088757
0
0
0
0
0
0
0
0.088757
0.49206
0
0
0
0
0
0
0
0.49206
0.088757
0
0
0
0
0
0
0
0.088757
0.12594
0
0
0
0
0
0
0
0.12594
0.48388
0
0
0
0
0
0
0
0.48388
0.12594
0
0
0
0
0
0
0
0.12594
0.48388
0
0
0
0
0
0
0
0.48388
0.388
0
0
0
0
0
0
0
0.388
0.31536
0
0
0
0
0
0
0
0.31536
0.388
0
0
0
0
0
0
0
0.388
0.31536
0
0
0
0
0
0
0
0.31536
0.37603
0
0
0
0
0
0
0
0.37603
0.32955
0
0
0
0
0
0
0
0.32955
0.37603
0
0
0
0
0
0
0
0.37603
0.32955
0
0
0
0
0
0
0
0.32955
0.37808
0
0
0
0
0
0
0
0.37808
0.32719
0
0
0
0
0
0
0
0.32719
0.37808
0
0
0
0
0
0
0
0.37808
0.32719
0
0
0
0
0
0
0
0.32719
0.26947
0
0
0
0
0
0
0
0.26947
0.42117
0
0
0
0
0
0
0
0.42117
0.26947
0
0
0
0
0
0
0
0.26947
0.42117
0
0
0
0
0
0
0
0.42117
0.47252
0
0
0
0
0
0
0
0.47252
0.16348
0
0
0
0
0
0
0
0.16348
0.47252
0
0
0
0
0
0
0
0.47252
0.16348
0
0
0
0
0
0
0
0.16348
0.344
0
0
0
0
0
0
0
0.344
0.36285
0
0
0
0
0
0
0
0.36285
0.344
0
0
0
0
0
0
0
0.344
0.36285
0
0
0
0
0
0
0
0.36285
0.4952
0
0
0
0
0
0
0
0.4952
0.19483
0
0
0
0
0
0
0
0.19483
0.4333
0
0
0
0
0
0
0
0.4333
0.17048
0
0
0
0
0
0
0
0.17048
0.31929
0
0
0
0
0
0
0
0.31929
0.42572
0
0
0
0
0
0
0
0.42572
0.27938
0
0
0
0
0
0
0
0.27938
0.37251
0
0
0
0
0
0
0
0.37251
0.15469
0
0
0
0
0
0
0
0.15469
0.50917
0
0
0
0
0
0
0
0.50917
0.13535
0
0
0
0
0
0
0
0.13535
0.44553
0
0
0
0
0
0
0
0.44553
0.5237
0
0
0
0
0
0
0
0.5237
0.094465
0
0
0
0
0
0
0
0.094465
0.45824
0
0
0
0
0
0
0
0.45824
0.082657
0
0
0
0
0
0
0
0.082657
0.13404
0
0
0
0
0
0
0
0.13404
0.51499
0
0
0
0
0
0
0
0.51499
0.11728
0
0
0
0
0
0
0
0.11728
0.45062
0
0
0
0
0
0
0
0.45062
0.41295
0
0
0
0
0
0
0
0.41295
0.33564
0
0
0
0
0
0
0
0.33564
0.36133
0
0
0
0
0
0
0
0.36133
0.29369
0
0
0
0
0
0
0
0.29369
0.40021
0
0
0
0
0
0
0
0.40021
0.35074
0
0
0
0
0
0
0
0.35074
0.35018
0
0
0
0
0
0
0
0.35018
0.3069
0
0
0
0
0
0
0
0.3069
0.4024
0
0
0
0
0
0
0
0.4024
0.34823
0
0
0
0
0
0
0
0.34823
0.3521
0
0
0
0
0
0
0
0.3521
0.3047
0
0
0
0
0
0
0
0.3047
0.2868
0
0
0
0
0
0
0
0.2868
0.44826
0
0
0
0
0
0
0
0.44826
0.25095
0
0
0
0
0
0
0
0.25095
0.39222
0
0
0
0
0
0
0
0.39222
0.5029
0
0
0
0
0
0
0
0.5029
0.17399
0
0
0
0
0
0
0
0.17399
0.44004
0
0
0
0
0
0
0
0.44004
0.15224
0
0
0
0
0
0
0
0.15224
0.36612
0
0
0
0
0
0
0
0.36612
0.38619
0
0
0
0
0
0
0
0.38619
0.32036
0
0
0
0
0
0
0
0.32036
0.33791
0
0
0
0
0
0
0
0.33791