0
0
0
0
0
0
0
0
0
0
0
0
0
0
0
0
0
0
0
0
0
0
0
0
0
0
0
0
0
0
0
0
0
0
0
0
0
0
0
0
0
0
0
0
0
0
0
0
0
0
0
0
0
0
0
0
0
0
0
0
0
0
0
0
0
0
0
0
0
0
0
0
0
0
0
0
0
0
0
0
0
0
0
0
0
0
0
0
0
0
0
0
0
0
0
0
0
0
0
0
0
0
0
0
0
0
0
0
0
0
0
0
0
0
0
0
0
0
0
0
0
0
0
0
0
0
0
0
0
0
0
0
0
0
0
0
0
0
0
0
0
0
0
0
0
0
0
0
0
0
0
0
0
0
0
0
0
0
0
0
0
0
0
0
0
0
0
0
0
0
0
0
0
0
0
0
0
0
0
0
0
0
0
0
0
0
0
0
0
0
0
0
0
0
0
0
0
0
0
0
0
0
0
0
0
0
0
0
0
0
0
0
0
0
0
0
0
0
0
0
0
0
0
0
0
0
0
0
0
0
0
0
0
0
0
0
0
0
0
0
0
0
0
0
0
0
0
0
0
0
0
0
0
0
0
0
0
0
0
0
0
0
0
0
0
0
0
0
0
0
0
0
0
0
0
0
0
0
0
0
0
0
0
0
0
0
0
0
0
0
0
0
0
0
0
0
0
0
0
0
0
0
0
0
0
0
0
0
0
0
0
0
0
0
0
0
0
0
0
0
0
0
0
0
0
0
0
0
0
0
0
0
0
0
0
0
0
0
0
0
0
0
0
0
0
0
0
0
0
0
0
0
0
0
0
0
0
0
0
0
0
0
0
0
0
0
0
0
0
0
0
0
0
0
0
0
0
0
0
0
0
0
0
0
0
0
0
0
0
0
0
0
0
0
0
0
0
0
0
0
0
0
0
0
0
0
0
0
0
0
0
0
0
0
0
0
0
0
0
0
0
0
0
0
0
0
0
0
0
0
0
0
0
0
0
0
0
0
0
0
0
0
0
0
0
0
0
0
0
0
0
0
0
0
0
0
0
0
0
0
0
0
0
0
0
0
0
0
0
0
0
0
0
0
0
0
0
0
0
0
0
0
0
0
0
0
0
0
0
0
0
0
0
0
0
0
0
0
0
0
0
0
0
0
0
0
0
0
0
0
0
0
0
0
0
0
0
0
0
0
0
0
0
0
0
0
0
0
0
0
0
0
0
0
0
0
0
0
0
0
0
0
0
0
0
0
0
0
0
0
0
0
0
0
0
0
0
0
0
0
0
0
0
0
0
0
0
0
0
0
0
0
0
0
0
0
0
0
0
0
0
0
0
0
0
0
0
0
0
0
0
0
0
0
0
0
0
0
0
0
0
0
0
0
0
0
0
0
0
0
0
0
0
0
0
0
0
0
0
0
0
0
0
0
0
0
0
0
0
0
0
0
0
0
0
0
0
0
0
0
0
0
0
0
0
0
0
0
0
0
0
0
0
0
0
0
0
0
0
0
0
0
0
0
0
0
0
0
0
0
0
0
0
0
0
0
0
0
0
0
0
0
0
0
0
0
0
0
0
0
0
0
0
0
0
0
0
0
0
0
0
0
0
0
0
0
0
0
0
0
0
0
0
0
0
0
0
0
0
0
0
0
0
0
0
0
0
0
0
0
0
0
0
0
0
0
0
0
0
0
0
0
0
0
0
0
0
0
0
0
0
0
0
0
0
0
0
0
0
0
0
0
0
0
0
0
0
0
0
0
0
0
0
0
0
0
0
0
0
0
0
0
0
0.21136
0
0
0
0.84546
0.14198
0.30717
0.25432
0.24767
0
0
0
0
0
0
0
0
0
0
0
0
0
0
0
0
0
0
0
0
0
0
0
0
0
0
0
0.1536
0
0
0
0.92162
0.10318
0.22322
0.18482
0.17998
0
0
0
0
0
0
0
0
0
0
0
0
0
0
0
0
0
0
0.10861
0
0
0
0.65168
0.072961
0.15784
0.13069
0.12727
0.12727
0.13069
0.15784
0.072961
0.65168
0
0
0
0.10861
0
0
0
0
0
0
0
0
0
0
0
0
0
0
0
0
0
0
0.12727
0.13069
0.15784
0.072961
0.65168
0
0
0
0.10861
0.10861
0
0
0
0.65168
0.072961
0.15784
0.13069
0.12727
0
0
0
0
0
0
0
0
0
0
0
0
0
0
0
0
0
0
0.10861
0
0
0
0.65168
0.072961
0.15784
0.13069
0.12727
0.12727
0.13069
0.15784
0.072961
0.65168
0
0
0
0.10861
0
0
0
0
0
0
0
0
0
0
0
0
0
0
0
0
0
0
0.17998
0.18482
0.22322
0.10318
0.92162
0
0
0
0.1536
0
0
0
0
0
0
0
0
0
0
0
0
0
0
0
0
0
0
0
0
0
0
0
0
0
0
0
0
0
0
0
0
0
0
0
0
0
0
0
0
0
0
0
0
0
0
0
0
0
0
0
0
0
0
0
0
0
0
0
0
0
0
0
0
0
0
0
0
0
0
0
0
0
0
0
0
0
0
0
0
0
0
0
0
0
0
0
0
0
0
0
0
0
0
0
0
0
0
0
0
0
0
0
0
0
0
0
0
0.39578
0
0
0
0
0.26586
0.57517
0.47622
0.46375
0
0
0
0
0
0
0
0
0
0
0
0
0
0
0
0
0
0
0.072613
0
0
0
0
0.048778
0.10553
0.087372
0.085085
0.12139
0.087372
0.11861
0.33949
0.77207
0.36388
0.048834
0.040136
0.28662
0
0
0
0
0
0
0
0
0
0
0
0
0
0
0
0
0
0
0.092409
0.066512
0.090289
0.25844
0.58774
0.277
0.037175
0.030554
0.21819
0
0
0
0
0.66333
0
0
0
0
0
0
0
0
0
0
0
0
0
0.05997
0
0
0
0.23988
0.040285
0.087152
0.072159
0.07027
0
0
0
0
0.71964
0
0
0
0
0.32514
0.079655
0.10964
0.040285
0.41979
0
0.022489
0.0074962
0.31484
0
0
0
0
0
0
0
0
0
0.021548
0
0
0
0.12929
0.014475
0.031315
0.025928
0.025249
0
0
0
0
0.90503
0
0
0
0
0.025249
0.025928
0.031315
0.014475
0.38787
0.02895
0.062631
0.051856
0.02895
0.043695
0
0
0
0.26217
0.029352
0.0635
0.052576
0.0512
0.0512
0.052576
0.0635
0.029352
0.26217
0
0
0
0.043695
0.0512
0.052576
0.0635
0.029352
0.78651
0.058704
0.127
0.10515
0.058704
0.22598
0.052576
0.0635
0.029352
0.26217
0
0
0
0.21848
0.071538
0.073461
0.088725
0.041012
0.36631
0
0
0
0.061052
0.061052
0
0
0
0.36631
0.041012
0.088725
0.073461
0.071538
0.31575
0.073461
0.088725
0.041012
0.36631
0
0
0
0.30526
0.30526
0
0
0
0.36631
0.041012
0.088725
0.073461
0.31575
0.062139
0
0
0
0.37284
0.041742
0.090304
0.074769
0.072812
0.072812
0.074769
0.090304
0.041742
0.37284
0
0
0
0.062139
0.3107
0
0
0
0.37284
0.041742
0.090304
0.074769
0.32137
0.17669
0.1107
0.0437
0.041742
0.49711
0
0
0
0.15535
0.070563
0.07246
0.087515
0.040453
0.36132
0
0
0
0.06022
0
0
0
0
0
0
0
0
0
0.17124
0.10728
0.04235
0.040453
0.48176
0
0
0
0.15055
0.020685
0.15245
0.21738
0.17687
0.66714
0
0
0
0
0
0
0
0
0
0
0
0
0
0
0
0
0
0
0
0
0
0
0.008685
0.064007
0.09127
0.074259
0.2801
0
0
0
0
0.12549
0.015308
0
0
0.91716
0.15594
0.14687
0.018963
0.010904
0
0
0
0
0
0
0
0
0
0
0
0
0
0
0
0
0
0
0.056151
0.0068494
0
0
0.41037
0.069773
0.065714
0.0084848
0.0048788
0
0
0
0
0.90505
0
0
0
0
0
0
0
0
0
0
0
0
0
0.010903
0
0
0
0
0.0073243
0.015845
0.013119
0.012776
0
0
0
0
0.87226
0
0
0
0
0.06542
0.020756
0.049011
0.1017
0.46437
0.02381
0.0081775
0.011757
0.067292
0.017485
0
0
0
0
0.011746
0.02541
0.021039
0.020488
0.029231
0.021039
0.02856
0.081749
0.18591
0.087622
0.011759
0.0096648
0.069019
0.10491
0.033285
0.078598
0.16309
0.7447
0.038183
0.013114
0.018854
0.10791
0.1689
0.054033
0.069674
0.035237
0.43765
0.27577
0.10401
0.018854
0.11229
0.020174
0.01452
0.019711
0.05642
0.12831
0.060473
0.0081157
0.0066703
0.047634
0
0
0
0
0.14481
0
0
0
0
0.11657
0.037292
0.048087
0.024319
0.30205
0.19033
0.071785
0.013012
0.077495
0
0
0.032495
0.045945
0.88218
0.11944
0
0
0
0
0
0
0
0.11503
0
0
0
0
0.051972
0.012732
0.017525
0.0064392
0.0671
0
0.0035947
0.0011982
0.050325
0
0
0.025812
0.036495
0.70074
0.094874
0
0
0
0
0
0
0
0.68665
0.042145
0.029402
0.018248
0
0
0
0
0
0.82957
0
0
0
0
0.023144
0.023766
0.028704
0.013268
0.35553
0.026536
0.057409
0.047533
0.026536
0
0
0
0
0.27652
0
0
0
0
0
0
0
0
0.31603
0
0
0
0
0.043082
0.044241
0.053432
0.024698
0.66181
0.049397
0.10686
0.088481
0.049397
0.19015
0.044241
0.053432
0.024698
0.2206
0
0
0
0.18384
0
0
0
0
0.58828
0
0
0
0
0
0.0045959
0.025857
0.092479
0.22636
0
0
0
0
0.30252
0.070384
0.085008
0.039294
0.35097
0
0
0
0.29248
0.29248
0
0
0
0.35097
0.039294
0.085008
0.070384
0.30252
0
0.0073119
0.041137
0.14713
0.36012
0
0
0
0
0
0
0
0
0.46796
0
0
0
0
0.28762
0
0
0
0.34514
0.038641
0.083596
0.069215
0.2975
0.16357
0.10248
0.040453
0.038641
0.46019
0
0
0
0.14381
0
0
0
0
0.46019
0
0
0
0
0
0
0
0
0.46019
0
0
0
0
0.14958
0.093716
0.036995
0.035337
0.42084
0
0
0
0.13151
0.01807
0.13317
0.18989
0.1545
0.58277
0
0
0
0
0
0
0
0
0.42084
0
0
0
0
0
0
0
0
0.42084
0
0
0
0
0.0072257
0.053252
0.075934
0.061782
0.23304
0
0
0
0
0.10441
0.012736
0
0
0.76305
0.12974
0.12219
0.015777
0.0090716
0
0
0
0
0.16829
0
0
0
0
0.1828
0.10415
0.03057
0.014131
0.48382
0
0
0
0.0049168
0.047873
0.0058396
0
0
0.34987
0.059487
0.056026
0.007234
0.0041595
0
0
0
0
0.77163
0
0
0
0
0.083818
0.047757
0.014017
0.0064792
0.22184
0
0
0
0.0022545
0
0
0
0
0.46298
0
0
0
0
0
0
0
0
0.68181
0
0
0
0
0.051136
0.016224
0.03831
0.079494
0.36298
0.018611
0.0063919
0.0091895
0.052599
0
0
0
0
0.40908
0
0
0
0
0.0070589
0.031302
0.056098
0.039106
0.46515
0
0
0.0035944
0.0070589
0.061311
0.019452
0.045933
0.095312
0.43521
0.022314
0.0076639
0.011018
0.063066
0.098708
0.031577
0.040718
0.020593
0.25577
0.16116
0.060785
0.011018
0.06562
0.0084635
0.03753
0.06726
0.046887
0.55771
0
0
0.0043096
0.0084635
0.032749
0.048725
0.0527
0.20439
0.52907
0.15929
0.074118
0.0076639
0.010218
0.086724
0.027744
0.035775
0.018093
0.22471
0.1416
0.053405
0.0096804
0.057654
0
0
0.024175
0.034181
0.65631
0.088858
0
0
0
0.028773
0.04281
0.046302
0.17957
0.46484
0.13995
0.065119
0.0067334
0.0089779
0.028124
0.11697
0.074201
0.26622
0.27687
0.14376
0.050481
0.060775
0.037501
0
0
0.021343
0.030176
0.57942
0.078447
0
0
0
0
0
0
0
0.56776
0.034848
0.024311
0.015088
0
0.024829
0.10326
0.065508
0.23503
0.24444
0.12691
0.044567
0.053655
0.033108
0.032783
0.023158
0.038364
0.10648
0.39755
0.078815
0.015844
0.0093953
0.026805
0
0
0
0
0.021523
0
0
0
0
0
0
0
0
0.024597
0
0
0
0
0.00076866
0.0024981
0.011823
0.21835
0.818
0.091884
0.011208
0.00046538
0.0026093
0.0042903
0.0039317
0.013248
0.18783
0.47831
0.09479
0.012016
0.0030746
0.001153
0
0
0
0
0.041191
0
0
0
0
0
0.0003218
0.0018105
0.0064753
0.015849
0
0
0
0
0.0071846
0.0065841
0.022185
0.31454
0.80098
0.15874
0.020121
0.0051488
0.0019308
0.0017294
0.005925
0.012104
0.20535
0.4192
0.11311
0.014262
0.010858
0.0090938
0
0.00051336
0.0028882
0.01033
0.025284
0
0
0
0
0
0
0
0
0.032855
0
0
0
0
0.0027588
0.0094519
0.01931
0.32758
0.66873
0.18044
0.022752
0.017321
0.014507
0.018466
0.020036
0.030008
0.13218
0.60518
0.11276
0.092389
0.054712
0
0
0
0
0
0.047069
0
0
0
0
0
0
0
0
0.047069
0
0
0
0
0.026455
0.028703
0.042991
0.18937
0.86699
0.16154
0.13236
0.078381
0
0.062818
0.045941
0.091188
0.18321
0.31041
0.083479
0.041503
0.024849
0.036194
0
0
0
0
0.077705
0
0
0
0
0
0
0
0
0.077705
0
0
0
0
0.10371
0.075843
0.15054
0.30247
0.51245
0.13781
0.068517
0.041022
0.059752
0.027355
0.013926
0.073219
0.14077
0.51134
0.50697
0.1429
0.025836
0.0049306
0
0
0
0
0.027633
0
0
0
0
0.030016
0.017102
0.0050196
0.0023203
0.079444
0
0
0
0.00080734
0.0097277
0.0049521
0.026037
0.05006
0.18184
0.18028
0.050815
0.0091875
0.0017534
0
0
0
0.0074989
0.78181
0.55563
0.010789
0.00045246
0.0064557
0.023137
0.013183
0.0038693
0.0017885
0.061238
0
0
0
0.00062233
0
0
0
0
0.1278
0
0
0
0
0
0
0
0.0057804
0.60265
0.4283
0.0083165
0.00034877
0.0049763
0
0.00066563
0.020576
0.50516
0.42026
0.014091
0.0027464
0.00033282
0
0
0
0
0
0.17907
0
0
0
0
0.00309
0.013702
0.024556
0.017118
0.20362
0
0
0.0015734
0.00309
0
0.00093268
0.028831
0.70783
0.58887
0.019744
0.0038482
0.00046634
0
0.013392
0.016454
0.038049
0.11005
0.24752
0.027004
0.011177
0.013862
0.0056245
0.0061566
0.027301
0.048927
0.034107
0.40569
0
0
0.003135
0.0061566
0.023823
0.035444
0.038336
0.14868
0.38486
0.11587
0.053916
0.0055749
0.0074332
0.026683
0.032783
0.075811
0.21927
0.49316
0.053805
0.022269
0.027619
0.011207
0.0021428
0.031307
0.033975
0.084746
0.54729
0.16723
0.030658
0.015079
0.0018583
0.019804
0.029465
0.031868
0.1236
0.31993
0.096324
0.04482
0.0046344
0.0061792
0.019357
0.080505
0.05107
0.18323
0.19056
0.098943
0.034744
0.041829
0.025811
0.0017813
0.026025
0.028243
0.070449
0.45496
0.13902
0.025486
0.012535
0.0015448
0.00023646
0.03394
0.012763
0.012065
0.72428
0.12022
0.025471
0.026417
0.024013
0.019461
0.080937
0.051344
0.18421
0.19159
0.099473
0.034931
0.042054
0.025949
0.025694
0.018151
0.030069
0.083458
0.3116
0.061774
0.012418
0.0073638
0.021009
0.00023773
0.034122
0.012831
0.012129
0.72816
0.12086
0.025608
0.026558
0.024142
0.0031062
0.0038827
0.034245
0.097643
0.46947
0.11979
0.041228
0.019591
0.0031062
0.00027972
0.00090909
0.0043024
0.079458
0.29768
0.033437
0.0040786
0.00016935
0.00094953
0.0015613
0.0014308
0.004821
0.068352
0.17406
0.034495
0.0043725
0.0011189
0.00041958
0
0.01213
0.038869
0.31161
0.4474
0.10575
0.050805
0.017107
0.0020677
0.0077546
0.0070543
0.041479
0.25876
0.68063
0.13573
0.043145
0.047808
0.010935
0.0013165
0.0012065
0.0040653
0.057638
0.14678
0.029088
0.0036872
0.00094351
0.00035382
0.0003169
0.0010857
0.0022181
0.037629
0.076817
0.020728
0.0026135
0.0019897
0.0016664
0.0065392
0.0059485
0.034978
0.2182
0.57394
0.11446
0.036382
0.040314
0.0092209
0
0.0044139
0.046769
0.22622
0.66962
0.26435
0.019438
0
0
0.00030631
0.0010495
0.002144
0.036372
0.074251
0.020035
0.0025262
0.0019232
0.0016107
0.0020503
0.0022246
0.0033319
0.014676
0.067194
0.01252
0.010258
0.0060747
0
0
0.0042665
0.045206
0.21866
0.64725
0.25551
0.018789
0
0
0
0.00944
0.035123
0.26123
0.59041
0.18608
0.021898
0
0
0.0021777
0.0023628
0.0035389
0.015588
0.071368
0.013298
0.010895
0.0064521
0
0.005171
0.0037817
0.0075063
0.015082
0.025552
0.0068717
0.0034164
0.0020455
0.0029794
0
0.010026
0.037305
0.27745
0.62709
0.19764
0.023259
0
0
0.0026169
0.022318
0.15748
0.63033
0.23034
0.077216
0.015713
0.0058789
0.0032763
0.0063595
0.0046508
0.0092315
0.018548
0.031424
0.0084511
0.0042016
0.0025156
0.0036642
0.0016775
0.00085395
0.0044899
0.0086325
0.031357
0.031089
0.0087627
0.0015843
0.00030235
0.0032184
0.027448
0.19367
0.7752
0.28328
0.094962
0.019325
0.00723
0.0040293
0.015603
0.080018
0.21446
0.32257
0.22589
0.22138
0.10269
0.0063152
0.0073898
0.0027294
0.0013894
0.0073055
0.014046
0.05102
0.050584
0.014258
0.0025778
0.00049195
0
0
0
0.002104
0.21936
0.1559
0.0030271
0.00012695
0.0018113
0.025387
0.13019
0.34894
0.52484
0.36755
0.3602
0.16709
0.010275
0.012024
0.014081
0.0083548
0.0311
0.21518
0.38494
0.12874
0.030831
0.023854
0.017207
0
0
0
0.0033382
0.34803
0.24734
0.0048028
0.00020141
0.0028738
0
0.0003844
0.011883
0.29173
0.2427
0.0081376
0.001586
0.0001922
0
0.02234
0.013255
0.049342
0.3414
0.61074
0.20426
0.048916
0.037846
0.027299
0.022164
0.03274
0.021064
0.13596
0.26974
0.19409
0.044604
0.035753
0.017293
0
0.00039981
0.012359
0.30343
0.25243
0.0084639
0.0016496
0.00019991
0
0.0057408
0.0070532
0.016311
0.047175
0.1061
0.011576
0.0047911
0.0059422
0.0024111
0.023053
0.034053
0.021909
0.14141
0.28055
0.20188
0.046393
0.037187
0.017986
0.20471
0.19948
0.17079
0.31419
0.45811
0.31657
0.1173
0.14803
0.35934
0.0039054
0.0047982
0.011096
0.032092
0.072181
0.0078751
0.0032593
0.0040424
0.0016402
0.00031362
0.0045822
0.0049726
0.012404
0.080103
0.024477
0.0044872
0.002207
0.00027199
0.13926
0.1357
0.11619
0.21374
0.31165
0.21536
0.0798
0.10071
0.24445
0.031856
0.019788
0.015372
0.11085
0.78382
0.19997
0.025167
0.017193
0.01667
0.0002407
0.0035167
0.0038164
0.0095197
0.061478
0.018785
0.0034438
0.0016939
0.00020875
3.1953e-05
0.0045863
0.0017246
0.0016303
0.097871
0.016245
0.0034419
0.0035697
0.0032449
0.024449
0.015187
0.011798
0.085074
0.60157
0.15347
0.019315
0.013196
0.012794
0.0091146
0.0015433
0.027408
0.10526
0.75559
0.090668
0.0064458
0.0026952
0.01912
3.6515e-05
0.005241
0.0019708
0.001863
0.11184
0.018564
0.0039333
0.0040792
0.0037081
0.00047709
0.00059637
0.0052598
0.014998
0.072109
0.0184
0.0063325
0.0030091
0.00047709
0.010416
0.0017636
0.031321
0.12029
0.86346
0.10361
0.0073659
0.00308
0.02185
0.002221
0.0067339
0.026547
0.11278
0.43873
0.048655
0.012575
0.013358
0.013012
0
0.012344
0.039555
0.31711
0.4553
0.10762
0.051702
0.017409
0.0021042
0.0078916
0.0071788
0.042212
0.26332
0.69265
0.13813
0.043906
0.048652
0.011128
0.042717
0.04202
0.05354
0.067506
0.070893
0.033905
0.034445
0.017614
0.014821
0.052777
0.050947
0.081455
0.13756
0.13089
0.14475
0.10387
0.031828
0.040476
0.0061435
0.0055886
0.032861
0.205
0.53922
0.10753
0.034181
0.037875
0.008663
0
0.0041469
0.043939
0.21253
0.62911
0.24835
0.018262
0
0
0.041087
0.039662
0.063411
0.10709
0.1019
0.11269
0.080863
0.024778
0.03151
0.0094764
0.016222
0.021916
0.056343
0.26013
0.14658
0.059961
0.012071
0.0069864
0
0.0039349
0.041693
0.20167
0.59695
0.23566
0.017329
0
0
0
0.0087064
0.032393
0.24092
0.54453
0.17162
0.020197
0
0
0.008992
0.015393
0.020795
0.053463
0.24683
0.13909
0.056896
0.011454
0.0066293
0.014736
0.014846
0.02797
0.08576
0.2156
0.12097
0.045729
0.020105
0.019298
0
0.0089242
0.033204
0.24695
0.55815
0.17592
0.020702
0
0
0.0023292
0.019865
0.14017
0.56104
0.20502
0.068727
0.013986
0.0052326
0.0029161
0.015104
0.015218
0.028669
0.087905
0.22099
0.124
0.046874
0.020608
0.019781
0.040748
0.020587
0.01918
0.05279
0.29639
0.19011
0.068825
0.0176
0.051171
0.002676
0.022822
0.16103
0.64455
0.23554
0.078958
0.016068
0.0060116
0.0033503
0.012973
0.066532
0.17831
0.26821
0.18782
0.18407
0.085386
0.0052509
0.0061444
0.046814
0.023652
0.022036
0.060649
0.34051
0.21841
0.079071
0.02022
0.058789
0.064221
0.10647
0.11918
0.13188
0.16924
0.19203
0.057264
0.10872
0.053626
0.014569
0.074716
0.20025
0.3012
0.21093
0.20671
0.095889
0.0058968
0.0069001
0.0080807
0.0047946
0.017847
0.12349
0.22091
0.073882
0.017693
0.013689
0.0098744
0.07212
0.11957
0.13384
0.1481
0.19006
0.21565
0.064308
0.12209
0.060222
0.044654
0.039095
0.085805
0.16166
0.68248
0.13681
0.076902
0.042693
0.04996
0.0085301
0.0050612
0.01884
0.13035
0.23319
0.077991
0.018677
0.014451
0.010424
0.0084627
0.012501
0.0080427
0.051914
0.10299
0.07411
0.017031
0.013652
0.0066029
0.047138
0.041269
0.090576
0.17065
0.72043
0.14441
0.081179
0.045067
0.052738
0.046306
0.058643
0.11851
0.35992
0.36678
0.15934
0.011164
0.0025725
0.0083699
0.011334
0.016743
0.010772
0.069528
0.13794
0.099255
0.02281
0.018284
0.0088433
0.10065
0.098077
0.083971
0.15448
0.22524
0.15564
0.057674
0.072782
0.17667
0.062017
0.078541
0.15873
0.48205
0.49123
0.21341
0.014951
0.0034454
0.01121
0.012724
0.0089766
0.017919
0.11058
0.2486
0.34842
0.19173
0.096253
0.050669
0.094618
0.092199
0.078938
0.14522
0.21174
0.14632
0.054217
0.068421
0.16609
0.021643
0.013444
0.010444
0.075311
0.53254
0.13586
0.017099
0.011681
0.011326
0.011961
0.0084386
0.016845
0.10395
0.2337
0.32754
0.18024
0.090484
0.047632
0.018375
0.01077
0.032308
0.15263
0.4434
0.31959
0.062338
0.03182
0.01277
0.018258
0.011341
0.0088106
0.063533
0.44925
0.11461
0.014425
0.0098545
0.0095546
0.0068068
0.0011525
0.020468
0.078609
0.56428
0.067711
0.0048137
0.0020128
0.014279
0.015501
0.0090853
0.027255
0.12876
0.37405
0.2696
0.052588
0.026844
0.010773
0.043064
0.02861
0.07488
0.32198
0.31101
0.073609
0.029595
0.025629
0.026659
0.007327
0.0012406
0.022032
0.084616
0.6074
0.072885
0.0051816
0.0021666
0.01537
0.0015624
0.004737
0.018674
0.079333
0.30862
0.034226
0.0088459
0.0093965
0.0091534
0.046355
0.030796
0.080603
0.34658
0.33478
0.079234
0.031857
0.027587
0.028696
0.026365
0.044241
0.17204
0.17137
0.3279
0.29419
0.086923
0.0074157
0.022037
0.072274
0.071095
0.090586
0.11422
0.11995
0.057366
0.058278
0.029802
0.025076
0.089296
0.0862
0.13782
0.23274
0.22146
0.24492
0.17574
0.053852
0.068482
0.0096606
0.040802
0.048313
0.13122
0.45817
0.1178
0.026184
0.033233
0.030441
0.14263
0.11674
0.029713
0.069278
0.57991
0.28052
0.027667
0.026421
0.076638
0.064438
0.062204
0.099451
0.16795
0.15981
0.17674
0.12682
0.03886
0.049418
0.014862
0.025442
0.034371
0.088365
0.40797
0.22989
0.09404
0.018932
0.010957
0.10293
0.084242
0.021441
0.049993
0.41847
0.20243
0.019965
0.019066
0.055303
0.015671
0.034133
0.055147
0.14241
0.58956
0.15576
0.036882
0.0010427
0.0096255
0.012628
0.021617
0.029203
0.075079
0.34663
0.19533
0.079901
0.016086
0.0093096
0.020693
0.020849
0.039278
0.12043
0.30277
0.16989
0.064219
0.028234
0.0271
0.013315
0.029001
0.046855
0.12099
0.50092
0.13234
0.031336
0.00088589
0.0081782
0.02073
0.016204
0.040467
0.077618
0.59291
0.18652
0.028747
0.032881
0.028596
0.017652
0.017784
0.033505
0.10273
0.25826
0.14492
0.054779
0.024084
0.023117
0.047621
0.024059
0.022415
0.061694
0.34637
0.22218
0.080433
0.020568
0.059802
0.017683
0.013822
0.034519
0.066209
0.50576
0.1591
0.024522
0.028048
0.024393
0.05789
0.079046
0.05762
0.044419
0.61217
0.16949
0.028292
0.020491
0.012451
0.046384
0.023434
0.021833
0.060091
0.33738
0.21641
0.078344
0.020034
0.058248
0.063631
0.1055
0.11808
0.13067
0.16768
0.19026
0.056738
0.10772
0.053133
0.056386
0.076992
0.056123
0.043265
0.59627
0.16509
0.027557
0.019958
0.012128
0.00042322
0
0.038511
0.19669
0.46741
0.18865
0.034936
0.025332
0.012519
0.058158
0.096421
0.10793
0.11943
0.15326
0.1739
0.051858
0.098451
0.048563
0.036009
0.031526
0.069193
0.13036
0.55035
0.11032
0.062014
0.034428
0.040287
0.00038682
0
0.035198
0.17977
0.4272
0.17242
0.031931
0.023153
0.011442
0.0063754
0.01287
0.027992
0.21317
0.42808
0.25821
0.055579
0.0137
0.0072482
0.033904
0.029683
0.065148
0.12274
0.51818
0.10387
0.058389
0.032415
0.037933
0.033306
0.04218
0.085243
0.25888
0.26381
0.11461
0.0080295
0.0018503
0.0060202
0.0060027
0.012118
0.026355
0.20071
0.40306
0.24312
0.05233
0.0129
0.0068245
0
0.0033373
0.027312
0.17019
0.46406
0.14878
0.023312
0.0050279
0
0.040862
0.05175
0.10458
0.31761
0.32367
0.14061
0.0098513
0.0022701
0.007386
0.0083834
0.0059146
0.011807
0.07286
0.1638
0.22957
0.12633
0.06342
0.033385
0
0.0040944
0.033508
0.2088
0.56934
0.18253
0.028601
0.0061686
0
0.0047082
0.031597
0.079178
0.22854
0.374
0.20678
0.087149
0.01259
0.0012604
0.0081185
0.0057277
0.011434
0.070558
0.15862
0.22232
0.12234
0.061416
0.03233
0.012472
0.0073099
0.021929
0.1036
0.30096
0.21692
0.042312
0.021598
0.008668
0.0045594
0.030599
0.076676
0.22132
0.36218
0.20024
0.084396
0.012192
0.0012206
0
0.0050179
0.033467
0.12943
0.68737
0.15432
0.018568
0.010783
0.0045984
0.0092537
0.0054236
0.01627
0.076864
0.2233
0.16094
0.031393
0.016025
0.0064312
0.025708
0.017079
0.044701
0.19221
0.18566
0.043942
0.017667
0.0153
0.015914
0
0.003723
0.024831
0.096032
0.51
0.1145
0.013777
0.0080006
0.0034118
0
0.00013682
0.0016724
0.070166
0.73789
0.08255
0.0048081
0.0010155
0
0.026024
0.017289
0.045251
0.19458
0.18795
0.044483
0.017885
0.015488
0.01611
0.014802
0.024838
0.096587
0.09621
0.18409
0.16516
0.0488
0.0041633
0.012372
0
0.0001385
0.001693
0.07103
0.74697
0.083566
0.0048673
0.001028
0
0.016569
0.0089352
0.014537
0.10088
0.50072
0.077274
0.014538
0.012217
0.0057311
0.0063007
0.026611
0.03151
0.085582
0.29882
0.076829
0.017077
0.021675
0.019854
0.093024
0.076138
0.019379
0.045183
0.37822
0.18296
0.018044
0.017232
0.049983
0.0016696
0.0077815
0.014468
0.089024
0.26554
0.36452
0.094424
0.0025805
0.0018297
0.002242
0.0085972
0.014148
0.091428
0.66649
0.15318
0.034537
0.0079012
0.00089916
0.080512
0.065897
0.016772
0.039106
0.32734
0.15835
0.015617
0.014914
0.04326
0.012259
0.0267
0.043138
0.11139
0.46117
0.12184
0.02885
0.0008156
0.0075294
0.0019405
0.0074408
0.012245
0.07913
0.57684
0.13258
0.029891
0.0068384
0.00077822
0
0.0047111
0.013466
0.1451
0.47353
0.077434
0.0026682
0.001435
0.0042742
0.011499
0.025045
0.040463
0.10449
0.43258
0.11428
0.027061
0.00076503
0.0070625
0.017902
0.013993
0.034946
0.067029
0.51203
0.16108
0.024826
0.028395
0.024695
0
0.004419
0.012632
0.1361
0.44418
0.072633
0.0025028
0.001346
0.0040092
0.0011832
0.0006019
0.0031192
0.075749
0.49915
0.11403
0.010418
0.0033621
0.0041234
0.016103
0.012587
0.031434
0.060291
0.46056
0.14488
0.02233
0.025541
0.022213
0.052716
0.071981
0.05247
0.040449
0.55746
0.15434
0.025763
0.018659
0.011339
0.0010643
0.0005414
0.0028057
0.068135
0.44898
0.10257
0.0093706
0.0030241
0.0037089
0.0033898
0.0037018
0.012716
0.098403
0.40655
0.14121
0.010537
0.0080035
0.0027149
0.052974
0.072334
0.052727
0.040647
0.56019
0.1551
0.02589
0.018751
0.011394
0.00039761
0
0.03618
0.18478
0.43912
0.17723
0.032822
0.023799
0.011761
0.0034063
0.0037199
0.012778
0.098885
0.40854
0.1419
0.010589
0.0080427
0.0027282
0.0038156
0.0095299
0.01643
0.13695
0.41043
0.047429
0.0037036
0.00080177
0.0020274
0.0003801
0
0.034587
0.17665
0.41978
0.16943
0.031376
0.022751
0.011243
0.0062647
0.012647
0.027505
0.20947
0.42064
0.25372
0.054614
0.013462
0.0071223
0.0036475
0.0091101
0.015707
0.13092
0.39235
0.04534
0.0035405
0.00076645
0.0019381
0.00694
0.0090263
0.0056702
0.10432
0.53415
0.042214
0.0017658
0.0020841
0.0068875
0.0061484
0.012412
0.026995
0.20558
0.41284
0.24902
0.0536
0.013213
0.0069901
0
0.0034183
0.027975
0.17432
0.47532
0.15239
0.023878
0.0051499
0
0.0068112
0.0088588
0.005565
0.10238
0.52423
0.041431
0.001733
0.0020455
0.0067598
0.001111
0.0069393
0.031331
0.14588
0.33345
0.13785
0.024637
0.001998
0.00018652
0
0.0040732
0.033335
0.20772
0.56639
0.18159
0.028453
0.0061367
0
0.0046838
0.031433
0.078767
0.22736
0.37206
0.20571
0.086697
0.012525
0.0012538
0.0013239
0.0082689
0.037334
0.17383
0.39734
0.16426
0.029358
0.0023808
0.00022226
0.0079272
0.00042753
0.0086781
0.096236
0.33532
0.11561
0.033066
0.0082297
0.0026769
0.0039815
0.02672
0.066957
0.19327
0.31627
0.17486
0.073698
0.010647
0.0010658
0
0.0043818
0.029225
0.11302
0.60024
0.13476
0.016215
0.0094162
0.0040155
0.0067386
0.00036343
0.0073769
0.081806
0.28504
0.098272
0.028108
0.0069957
0.0022756
0.00088669
0.0055078
0.018453
0.082431
0.55558
0.11995
0.0059959
0.0047568
0.0016193
0
0.0034298
0.022876
0.088469
0.46983
0.10548
0.012692
0.0073705
0.0031431
0
0.00012604
0.0015407
0.06464
0.67977
0.076048
0.0044294
0.00093556
0
0.00069405
0.0043112
0.014444
0.064522
0.43487
0.093888
0.0046933
0.0037234
0.0012675
0.0047389
0.0016554
0.0030577
0.04967
0.28252
0.049033
0.012436
0.012136
0.0091269
0
0.0001381
0.0016881
0.070824
0.7448
0.083323
0.0048532
0.0010251
0
0.016521
0.0089092
0.014495
0.10059
0.49926
0.077049
0.014496
0.012181
0.0057144
0.0051923
0.0018137
0.0033502
0.054421
0.30955
0.053724
0.013626
0.013297
0.01
0.00044986
0.003688
0.0076785
0.04014
0.23716
0.081729
0.014087
0.0061831
0.0011488
0.0019176
0.0089372
0.016617
0.10225
0.30498
0.41866
0.10845
0.0029638
0.0021014
0.002575
0.0098741
0.016249
0.10501
0.76547
0.17593
0.039666
0.0090746
0.0010327
0.005799
0.0073667
0.037476
0.10841
0.21251
0.097852
0.0049165
0.0017646
0.0019333
0.0052395
0.0071654
0.011716
0.046271
0.077528
0.046759
0.022313
0.0059107
0.0087121
0.0024502
0.0093954
0.015461
0.099916
0.72837
0.1674
0.037743
0.0086347
0.00098264
0
0.0059486
0.017004
0.18322
0.59792
0.097774
0.0033691
0.001812
0.005397
0.0049855
0.0068181
0.011148
0.044028
0.07377
0.044492
0.021231
0.0056242
0.0082898
0.010495
0.0036574
0.0056384
0.020519
0.073999
0.10388
0.033831
0.021349
0.0091526
0
0.0062056
0.017739
0.19113
0.62376
0.102
0.0035147
0.0018903
0.0056302
0.0016616
0.00084525
0.0043804
0.10638
0.70096
0.16013
0.01463
0.0047214
0.0057905
0.010949
0.0038154
0.005882
0.021406
0.077196
0.10837
0.035293
0.022272
0.0095481
0.0035434
0.0085026
0.017707
0.063529
0.077034
0.06633
0.006335
0.00021682
0.0035434
0.0016318
0.00083011
0.0043019
0.10447
0.6884
0.15726
0.014368
0.0046368
0.0056867
0.0051974
0.0056758
0.019496
0.15088
0.62334
0.21651
0.016157
0.012271
0.0041626
0.0034799
0.0083502
0.01739
0.062391
0.075653
0.065141
0.0062215
0.00021293
0.0034799
0.0029617
0.012434
0.016928
0.040634
0.11299
0.034521
0.019789
0.018433
0.0054377
0.0053247
0.0058148
0.019974
0.15457
0.63861
0.22181
0.016552
0.012572
0.0042646
0.0059644
0.014897
0.025683
0.21408
0.64157
0.074139
0.0057894
0.0012533
0.0031691
0.0030343
0.012739
0.017342
0.041629
0.11575
0.035367
0.020274
0.018885
0.0055709
0.0014916
0.0032968
0.029226
0.060135
0.13313
0.11885
0.014471
0.0081393
0.0041812
0.0051058
0.012752
0.021986
0.18326
0.54921
0.063467
0.004956
0.0010729
0.0027129
0.0097146
0.012635
0.0079373
0.14602
0.7477
0.059092
0.0024718
0.0029174
0.0096413
0.0012769
0.0028222
0.025019
0.051479
0.11396
0.10175
0.012388
0.0069677
0.0035793
0.010916
0.0089156
0.011711
0.061641
0.19926
0.069774
0.0041785
0.010506
0.0086576
0.0096855
0.012597
0.0079134
0.14558
0.74546
0.058915
0.0024644
0.0029086
0.0096123
0.0015799
0.0098676
0.044553
0.20744
0.47417
0.19602
0.035034
0.0028411
0.00026524
0.010883
0.0088889
0.011676
0.061456
0.19866
0.069565
0.0041659
0.010475
0.0086316
0.0016914
0.0017437
0.014244
0.098924
0.20905
0.079824
0.024181
0.017666
0.0034976
0.0020051
0.012524
0.056544
0.26327
0.60179
0.24878
0.044463
0.0036058
0.00033662
0.012006
0.00064752
0.013143
0.14575
0.50785
0.17509
0.05008
0.012464
0.0040543
0.0021466
0.002213
0.018078
0.12555
0.26532
0.10131
0.030689
0.022421
0.004439
0.0071422
0.009066
0.026111
0.10656
0.25299
0.11554
0.020576
0.016081
0.0075636
0.0097983
0.00052845
0.010726
0.11895
0.41446
0.14289
0.040871
0.010172
0.0033088
0.0012893
0.0080087
0.026832
0.11986
0.80785
0.17441
0.0087184
0.0069167
0.0023545
0.0058288
0.0073989
0.021309
0.086964
0.20647
0.094297
0.016792
0.013124
0.0061728
0.0035225
0.0067003
0.019926
0.10659
0.13769
0.040947
0.021814
0.015034
0.0083494
0.0012542
0.0077907
0.026102
0.1166
0.78586
0.16966
0.0084811
0.0067284
0.0022904
0.0085637
0.0029914
0.0055255
0.089757
0.51054
0.088607
0.022473
0.021931
0.016493
0.0034266
0.0065179
0.019384
0.10368
0.13394
0.039833
0.02122
0.014624
0.0081221
0.0038324
0.011147
0.0197
0.080094
0.12487
0.08369
0.015841
0.0022021
0.0044204
0.011571
0.0040418
0.0074657
0.12127
0.68981
0.11972
0.030364
0.029632
0.022284
0.0010025
0.0082186
0.017111
0.08945
0.52851
0.18213
0.031393
0.013779
0.00256
0.0051782
0.015061
0.026617
0.10822
0.16871
0.11308
0.021403
0.0029754
0.0059726
0.011629
0.0084067
0.0061353
0.078486
0.31775
0.092211
0.014191
0.0011173
0.0088872
0.01673
0.021253
0.10812
0.31275
0.61308
0.2823
0.014184
0.0050909
0.0055774
0.015116
0.020672
0.033801
0.13349
0.22367
0.1349
0.064372
0.017052
0.025134
0.02562
0.025996
0.027444
0.078468
0.46425
0.18163
0.096768
0.031508
0.010248
0.05971
0.063202
0.12443
0.16546
0.12142
0.068207
0.057983
0.023688
0.0090893
0.022284
0.030475
0.04983
0.19679
0.32973
0.19887
0.094898
0.025139
0.037053
0.046911
0.016348
0.025202
0.091715
0.33075
0.46431
0.15121
0.095425
0.040909
0.088025
0.093173
0.18344
0.24392
0.17899
0.10055
0.085479
0.034922
0.0134
0.018038
0.017856
0.057044
0.26492
0.35661
0.17689
0.12969
0.13065
0.032842
0.044944
0.015662
0.024145
0.08787
0.31689
0.44485
0.14487
0.091424
0.039194
0.014545
0.034903
0.072687
0.26078
0.31622
0.27228
0.026005
0.00089002
0.014545
0.017282
0.017107
0.054652
0.25381
0.34166
0.16947
0.12426
0.12518
0.031465
0.024779
0.01338
0.044362
0.13722
0.27456
0.23493
0.10867
0.023259
0.020863
0.014347
0.034425
0.071693
0.25722
0.3119
0.26856
0.025649
0.00087785
0.014347
0.01221
0.051262
0.069787
0.16752
0.46581
0.14232
0.081586
0.075994
0.022418
0.02444
0.013197
0.043755
0.13534
0.27081
0.23172
0.10719
0.022941
0.020577
0.0035342
0.026096
0.018953
0.099883
0.46765
0.24929
0.13171
0.0365
0.011794
0.0092661
0.038901
0.052959
0.12713
0.35349
0.108
0.061913
0.057669
0.017012
0.004555
0.010068
0.08925
0.18364
0.40654
0.36296
0.044191
0.024856
0.012768
0.0026819
0.019803
0.014383
0.075797
0.35488
0.18917
0.099951
0.027699
0.00895
0.034003
0.032983
0.017692
0.29893
0.41673
0.21802
0.038053
0.01527
0.0099254
0.0036712
0.0081143
0.071933
0.14801
0.32766
0.29253
0.035617
0.020033
0.010291
0.031384
0.025634
0.033672
0.17723
0.57289
0.20061
0.012014
0.030207
0.024892
0.027406
0.026583
0.014259
0.24093
0.33588
0.17572
0.03067
0.012307
0.0079996
0.034432
0.037134
0.042834
0.16196
0.34512
0.13302
0.040885
0.0056087
0.011341
0.027922
0.022806
0.029958
0.15768
0.5097
0.17848
0.010689
0.026875
0.022146
0.0043396
0.0044738
0.036547
0.25381
0.53637
0.20481
0.062041
0.045325
0.0089739
0.030634
0.033038
0.03811
0.1441
0.30705
0.11835
0.036376
0.0049901
0.01009
0.016587
0.021321
0.030262
0.17659
0.20926
0.24033
0.097931
0.012166
0.020856
0.0042687
0.0044008
0.03595
0.24967
0.52762
0.20146
0.061029
0.044585
0.0088275
0.014203
0.018029
0.051924
0.2119
0.50309
0.22977
0.040917
0.031978
0.015041
0.016316
0.020973
0.029768
0.17371
0.20585
0.23641
0.096332
0.011968
0.020515
0.0092983
0.025815
0.034293
0.15878
0.25516
0.14313
0.037961
0.020305
0.012995
0.015803
0.02006
0.057774
0.23578
0.55978
0.25566
0.045527
0.035581
0.016736
0.0095502
0.018166
0.054024
0.28898
0.3733
0.11102
0.059143
0.040759
0.022637
0.010346
0.028723
0.038156
0.17667
0.28391
0.15926
0.042239
0.022593
0.014459
0.018687
0.031115
0.030093
0.15667
0.34652
0.15593
0.02294
0.0090369
0.0070985
0.010595
0.020152
0.059932
0.32058
0.41413
0.12316
0.06561
0.045217
0.025113
0.011849
0.034464
0.060909
0.24764
0.38608
0.25876
0.048978
0.0068086
0.013667
0.02073
0.034518
0.033384
0.1738
0.38441
0.17298
0.025448
0.010025
0.0078748
0.022689
0.017529
0.058798
0.18196
0.36495
0.15609
0.063418
0.05374
0.034056
0.0104
0.03025
0.053461
0.21736
0.33886
0.22712
0.042988
0.005976
0.011996
0.023356
0.016885
0.012323
0.15764
0.63819
0.1852
0.028502
0.002244
0.01785
0.019914
0.015386
0.051607
0.15971
0.32032
0.137
0.055663
0.047168
0.029891
0.015017
0.023823
0.075111
0.14347
0.30815
0.16761
0.056192
0.026004
0.039778
0.022753
0.023087
0.024373
0.069688
0.4123
0.16131
0.08594
0.027983
0.0091011
0.053029
0.05613
0.11051
0.14694
0.10783
0.060575
0.051495
0.021038
0.0080723
0.011686
0.0021817
0.053335
0.13557
0.41786
0.1955
0.031408
0.013359
0.0089179
0.012146
0.0070875
0.019215
0.14638
0.6634
0.17028
0.059833
0.02452
0.017452
0.05166
0.054681
0.10765
0.14315
0.10505
0.059012
0.050166
0.020495
0.007864
0.010586
0.010479
0.033478
0.15548
0.20929
0.10381
0.076115
0.076679
0.019274
0.011832
0.0069046
0.01872
0.14261
0.64628
0.16588
0.058289
0.023887
0.017001
0.010773
0.0085872
0.065716
0.20576
0.56309
0.13392
0.018091
0.0085336
0.0048807
0.012643
0.012515
0.039984
0.18569
0.24996
0.12398
0.090906
0.09158
0.02302
0.018128
0.0097889
0.032455
0.10039
0.20087
0.17188
0.079505
0.017016
0.015263
0.012867
0.010256
0.078486
0.24575
0.67252
0.15995
0.021606
0.010192
0.0058292
0.0091519
0.0018294
0.016109
0.14283
0.40914
0.19233
0.098119
0.01171
0.0092842
0.020744
0.011201
0.037137
0.11487
0.22985
0.19667
0.090975
0.019471
0.017465
0.0029996
0.022149
0.016087
0.084775
0.39692
0.21158
0.11179
0.03098
0.01001
0.010472
0.0020933
0.018432
0.16344
0.46816
0.22008
0.11227
0.0134
0.010624
0.012321
0.032162
0.093021
0.36334
0.4307
0.14906
0.056132
0.0073101
0.011526
0.0028616
0.02113
0.015346
0.080874
0.37865
0.20184
0.10665
0.029554
0.0095494
0.03628
0.035192
0.018876
0.31895
0.44464
0.23262
0.040601
0.016293
0.01059
0.011754
0.030681
0.088739
0.34662
0.41088
0.1422
0.053549
0.0069737
0.010995
0.008826
0.018994
0.037492
0.14433
0.25331
0.16076
0.057186
0.022385
0.01402
0.035377
0.034316
0.018406
0.31101
0.43357
0.22683
0.03959
0.015887
0.010326
0.044446
0.047935
0.055293
0.20907
0.4455
0.17171
0.052777
0.0072401
0.014639
0.0086062
0.018521
0.036559
0.14074
0.247
0.15676
0.055762
0.021828
0.013671
0.00058983
0.0028445
0.026591
0.21483
0.44067
0.14776
0.05604
0.012307
0.0027412
0.037182
0.0401
0.046256
0.1749
0.37268
0.14364
0.044151
0.0060567
0.012247
0.020132
0.025878
0.036731
0.21433
0.25399
0.29171
0.11886
0.014767
0.025314
0.00049343
0.0023796
0.022245
0.17971
0.36865
0.12361
0.046881
0.010295
0.0022932
0.0023944
0.0062246
0.023654
0.089923
0.59791
0.19005
0.024066
0.017398
0.013702
0.018588
0.023894
0.033914
0.1979
0.23451
0.26934
0.10975
0.013635
0.023372
0.010593
0.02941
0.039068
0.18089
0.2907
0.16307
0.043248
0.023133
0.014805
0.0022107
0.0057472
0.02184
0.083027
0.55206
0.17548
0.02222
0.016064
0.012651
0.0044633
0.0067768
0.037331
0.16743
0.46416
0.26194
0.10714
0.011442
0.021593
0.010734
0.029802
0.039589
0.1833
0.29457
0.16524
0.043824
0.023442
0.015002
0.019388
0.032283
0.031223
0.16255
0.35953
0.16178
0.023801
0.0093762
0.007365
0.0045228
0.0068671
0.037828
0.16966
0.47035
0.26543
0.10857
0.011595
0.021881
0.013117
0.036023
0.051672
0.28041
0.43615
0.2271
0.040829
0.0086962
0.037655
0.020868
0.034748
0.033607
0.17496
0.38698
0.17413
0.025618
0.010092
0.0079273
0.02284
0.017646
0.05919
0.18318
0.36739
0.15713
0.063841
0.054098
0.034283
0.014119
0.038773
0.055617
0.30182
0.46945
0.24443
0.043947
0.0093601
0.04053
0.015933
0.020446
0.047098
0.23059
0.23472
0.28758
0.072643
0.032292
0.011534
0.026687
0.020618
0.069159
0.21403
0.42926
0.18359
0.074594
0.06321
0.040057
0.020125
0.031925
0.10066
0.19226
0.41295
0.22462
0.075302
0.034848
0.053306
0.018617
0.023889
0.05503
0.26942
0.27425
0.33602
0.084879
0.037731
0.013477
0.088451
0.063719
0.11521
0.10441
0.14601
0.10576
0.227
0.1785
0.12031
0.010494
0.0019591
0.047891
0.12173
0.37521
0.17555
0.028202
0.011996
0.0080077
0.010906
0.0063641
0.017254
0.13144
0.59569
0.1529
0.053726
0.022018
0.015671
0.0098382
0.025979
0.10766
0.17862
0.41012
0.15428
0.018318
0.032097
0.014277
0.015688
0.030504
0.035841
0.26463
0.28071
0.12289
0.071131
0.027708
0.023235
0.0098281
0.0057351
0.015549
0.11845
0.53681
0.13779
0.048416
0.019841
0.014122
0.0089486
0.0071327
0.054585
0.17091
0.46772
0.11124
0.015027
0.0070882
0.004054
0.014137
0.027489
0.032299
0.23847
0.25296
0.11074
0.0641
0.024969
0.020938
0.0048214
0.024797
0.019215
0.18616
0.45361
0.17159
0.023803
0.00039192
0.0056924
0.0099101
0.0078991
0.06045
0.18928
0.51797
0.12319
0.016641
0.0078498
0.0044896
0.0070487
0.001409
0.012407
0.11001
0.31512
0.14813
0.07557
0.0090192
0.0071506
0.0053394
0.027461
0.021279
0.20617
0.50235
0.19002
0.02636
0.00043403
0.006304
0.0043218
0.016271
0.069723
0.15223
0.31198
0.27126
0.066617
0.020155
0.01104
0.0078298
0.0015651
0.013781
0.1222
0.35003
0.16455
0.083945
0.010019
0.007943
0.0092124
0.024047
0.06955
0.27166
0.32202
0.11145
0.041969
0.0054656
0.0086175
0.0048007
0.018074
0.077449
0.1691
0.34655
0.30132
0.073999
0.022389
0.012263
0.0096972
0.024696
0.020792
0.19693
0.49312
0.30621
0.042002
0.0029904
0.011385
0.0093212
0.024331
0.070371
0.27487
0.32583
0.11277
0.042465
0.0055302
0.0087193
0.0069991
0.015062
0.029732
0.11446
0.20088
0.12749
0.045349
0.017751
0.011118
0.0098117
0.024988
0.021038
0.19926
0.49894
0.30983
0.042498
0.0030257
0.011519
0.013714
0.017212
0.10292
0.36865
0.33325
0.27527
0.04822
0.02702
0.0063303
0.0073125
0.015737
0.031063
0.11958
0.20987
0.1332
0.04738
0.018546
0.011616
0.00050117
0.0024169
0.022594
0.18253
0.37443
0.12555
0.047616
0.010457
0.0023292
0.014328
0.017983
0.10753
0.38516
0.34817
0.2876
0.050379
0.02823
0.0066137
0.013553
0.019759
0.062142
0.22003
0.42612
0.34489
0.07483
0.030348
0.0095952
0.00039032
0.0018823
0.017597
0.14216
0.29161
0.097777
0.037085
0.008144
0.001814
0.001894
0.0049239
0.018711
0.071133
0.47297
0.15034
0.019037
0.013763
0.010839
0.010556
0.015388
0.048398
0.17136
0.33187
0.26861
0.058279
0.023635
0.0074729
0.010054
0.0081157
0.049051
0.24773
0.48839
0.32822
0.031664
0.019563
0.033079
0.0016947
0.0044057
0.016742
0.063647
0.4232
0.13452
0.017034
0.012314
0.0096979
0.0034215
0.005195
0.028617
0.12835
0.35582
0.2008
0.082134
0.0087714
0.016553
0.0089963
0.0072616
0.043889
0.22166
0.43699
0.29368
0.028332
0.017505
0.029598
0.0010167
0.0033166
0.019627
0.22459
0.41885
0.22334
0.0050049
0
0.0010167
0.0037459
0.0056875
0.03133
0.14052
0.38955
0.21983
0.08992
0.0096029
0.018122
0.010864
0.029835
0.042796
0.23224
0.36123
0.18808
0.033816
0.0072023
0.031186
0.0011131
0.003631
0.021488
0.24588
0.45856
0.24452
0.0054794
0
0.0011131
0.0067129
0.031361
0.057106
0.15768
0.3993
0.15974
0.024691
0.0056893
0.0081484
0.013745
0.037747
0.054146
0.29383
0.45703
0.23797
0.042784
0.0091124
0.039457
0.015512
0.019905
0.045851
0.22448
0.22851
0.27997
0.070721
0.031438
0.011229
0.0084932
0.039679
0.072251
0.1995
0.50519
0.2021
0.03124
0.0071981
0.010309
0.066718
0.024229
0.029058
0.11243
0.23952
0.10921
0.046105
0.044839
0.12032
0.011068
0.014202
0.032716
0.16018
0.16305
0.19977
0.050461
0.022432
0.0080123
0.052585
0.037882
0.068496
0.062074
0.086804
0.062876
0.13495
0.10612
0.071528
0.047605
0.017288
0.020733
0.080219
0.1709
0.077925
0.032897
0.031994
0.085849
0.38796
0.38357
0.21208
0.1345
0.12176
0.47974
0.32807
0.2683
0.070941
0.01027
0.027119
0.11239
0.18646
0.42813
0.16106
0.019122
0.033507
0.014904
0.016377
0.031844
0.037415
0.27625
0.29304
0.12829
0.074255
0.028925
0.024255
0
0.0032234
0.055658
0.28261
0.36469
0.15694
0.025379
0.0074314
0.0017184
0.0091335
0.0036468
0.10139
0.2619
0.37857
0.22732
0.18607
0.049846
0.013355
0.012924
0.02513
0.029527
0.21801
0.23125
0.10124
0.058599
0.022826
0.019141
0.0044076
0.022668
0.017566
0.17019
0.41468
0.15686
0.02176
0.00035828
0.0052038
0.0072078
0.0028779
0.080015
0.20668
0.29875
0.17939
0.14684
0.039336
0.010539
0.012829
0.028892
0.018327
0.17039
0.64418
0.12373
0.029788
0.019603
0.011432
0.0043608
0.022428
0.017379
0.16838
0.41028
0.1552
0.021529
0.00035448
0.0051486
0.0035297
0.013289
0.056944
0.12433
0.2548
0.22154
0.054408
0.016461
0.0090166
0.012693
0.028585
0.018133
0.16858
0.63734
0.12242
0.029472
0.019395
0.011311
0.02801
0.019939
0.062309
0.18928
0.34977
0.15765
0.032026
0.006591
0.016307
0.0042965
0.016175
0.069314
0.15134
0.31015
0.26967
0.066226
0.020037
0.010975
0.0086786
0.022102
0.018608
0.17625
0.44132
0.27405
0.037591
0.0026763
0.010189
0.034094
0.024271
0.075845
0.2304
0.42575
0.1919
0.038983
0.0080227
0.019849
0.027539
0.015955
0.032415
0.10807
0.34744
0.27949
0.033146
0.017367
0.013933
0.0087095
0.022181
0.018675
0.17688
0.44289
0.27502
0.037724
0.0026858
0.010225
0.012173
0.015279
0.091363
0.32724
0.29581
0.24435
0.042803
0.023985
0.0056191
0.027637
0.016011
0.032531
0.10846
0.34868
0.28048
0.033264
0.017428
0.013983
0.033852
0.034044
0.06466
0.15812
0.37449
0.17657
0.069825
0.044719
0.059381
0.011276
0.014153
0.084634
0.30314
0.27403
0.22635
0.03965
0.022218
0.0052053
0.010667
0.015551
0.048908
0.17317
0.33537
0.27144
0.058894
0.023885
0.0075518
0.031359
0.031536
0.059898
0.14647
0.34691
0.16356
0.064682
0.041425
0.055008
0.037072
0.040668
0.020602
0.27068
0.52706
0.096239
0.02519
0.033315
0.025528
0.0076304
0.011124
0.034986
0.12388
0.2399
0.19417
0.042129
0.017086
0.0054021
0.0072681
0.0058667
0.035458
0.17908
0.35305
0.23726
0.022889
0.014142
0.023912
0.026519
0.029091
0.014737
0.19362
0.37702
0.068843
0.018019
0.023832
0.018261
0.0033547
0.0112
0.047033
0.2491
0.63346
0.13075
0.0074715
0.0079403
0.0021905
0.0072331
0.0058385
0.035287
0.17821
0.35135
0.23612
0.022779
0.014074
0.023797
0.00081747
0.0026666
0.01578
0.18057
0.33676
0.17957
0.004024
0
0.00081747
0.0033386
0.011146
0.046807
0.2479
0.63041
0.13012
0.0074355
0.0079021
0.00218
0.0024199
0.0078457
0.014661
0.072465
0.32488
0.12926
0.039521
0.015302
0.0078385
0.0010224
0.003335
0.019736
0.22584
0.42118
0.22459
0.0050328
0
0.0010224
0.0061658
0.028805
0.052451
0.14483
0.36675
0.14672
0.022679
0.0052256
0.0074843
0.0030265
0.0098125
0.018337
0.090631
0.40633
0.16166
0.049428
0.019138
0.0098035
0.0080617
0.0043008
0.050834
0.22363
0.41764
0.32581
0.056588
0.013843
0.0082562
0.0070766
0.033061
0.0602
0.16623
0.42093
0.16839
0.026029
0.0059975
0.00859
0.05559
0.020188
0.024211
0.093676
0.19957
0.090996
0.038415
0.037361
0.10025
0.0092526
0.0049362
0.058344
0.25667
0.47934
0.37394
0.064948
0.015888
0.0094759
0.0046392
0.014951
0.026422
0.13317
0.27884
0.3675
0.111
0.004571
0.0023469
0.034637
0.012579
0.015086
0.058367
0.12435
0.056697
0.023935
0.023279
0.062463
0.28228
0.27908
0.15431
0.097859
0.088592
0.34906
0.2387
0.19521
0.051616
0.0028906
0.0093155
0.016463
0.082978
0.17374
0.22898
0.069165
0.0028481
0.0014623
0.0038538
0.020964
0.12128
0.26967
0.58253
0.17485
0.021129
0.0035168
0.00079925
0
0.0035283
0.060923
0.30934
0.39919
0.17179
0.02778
0.0081344
0.0018809
0.0099975
0.0039918
0.11098
0.28668
0.41438
0.24883
0.20367
0.054561
0.014618
0.025799
0.029649
0.033112
0.13176
0.08827
0.15649
0.071145
0.059305
0.037068
0.020107
0.06731
0.16111
0.35885
0.32554
0.08527
0.038698
0.028981
0.021892
0.0070142
0.0028006
0.077866
0.20113
0.29073
0.17458
0.1429
0.03828
0.010256
0.012484
0.028116
0.017835
0.16581
0.62688
0.12041
0.028988
0.019077
0.011125
0.014107
0.047225
0.11303
0.25177
0.2284
0.059825
0.027151
0.020333
0.015359
0.023816
0.019389
0.044757
0.21558
0.32899
0.29049
0.021298
0.0090809
0.024091
0.012595
0.028366
0.017993
0.16729
0.63245
0.12148
0.029246
0.019247
0.011224
0.027795
0.019787
0.061832
0.18783
0.34709
0.15644
0.03178
0.0065405
0.016181
0.024028
0.019562
0.045156
0.2175
0.33191
0.29308
0.021488
0.0091618
0.024306
0.011967
0.019643
0.052027
0.16832
0.26053
0.13571
0.047566
0.02101
0.0048997
0.035891
0.02555
0.079841
0.24254
0.44818
0.20201
0.041037
0.0084455
0.020895
0.02899
0.016795
0.034123
0.11377
0.36575
0.29421
0.034893
0.018282
0.014667
0.015452
0.025364
0.067181
0.21735
0.33642
0.17524
0.061421
0.027129
0.0063268
0.023083
0.034246
0.087387
0.37799
0.28408
0.090503
0.027072
0.058782
0.072707
0.031299
0.018133
0.036841
0.12283
0.39488
0.31765
0.037672
0.019738
0.015835
0.038338
0.038555
0.073228
0.17907
0.42411
0.19996
0.079078
0.050644
0.06725
0.024921
0.036973
0.094347
0.40809
0.30671
0.097711
0.029229
0.063464
0.078498
0.10501
0.072587
0.13045
0.24124
0.19068
0.094143
0.10302
0.079265
0.063642
0.036417
0.036623
0.069559
0.1701
0.40286
0.18994
0.075115
0.048106
0.06388
0.043052
0.047227
0.023925
0.31433
0.61207
0.11176
0.029253
0.038689
0.029645
0.099747
0.06895
0.12392
0.22915
0.18113
0.089426
0.097861
0.075293
0.060453
0.038925
0.080342
0.082318
0.17115
0.25081
0.090599
0.034849
0.020783
0.016117
0.030454
0.033408
0.016925
0.22236
0.43297
0.07906
0.020694
0.027368
0.020971
0.0038525
0.012862
0.054013
0.28606
0.72746
0.15015
0.0085803
0.0091187
0.0025156
0.027535
0.056833
0.058231
0.12107
0.17742
0.064089
0.024652
0.014702
0.011401
0.0042447
0.014749
0.050057
0.15963
0.12329
0.1051
0.041692
0.035014
0.0064301
0.0038034
0.012698
0.053324
0.28241
0.71819
0.14824
0.0084708
0.0090024
0.0024835
0.0027569
0.0089381
0.016703
0.082555
0.37012
0.14725
0.045024
0.017432
0.0089299
0.0041905
0.014561
0.049419
0.1576
0.12171
0.10376
0.041161
0.034567
0.0063481
0.0088821
0.021119
0.038814
0.22807
0.31414
0.045153
0.0076098
0.00429
0.013011
0.0025814
0.0083693
0.01564
0.077302
0.34657
0.13788
0.042159
0.016323
0.0083617
0.006876
0.0036683
0.043358
0.19074
0.35622
0.27789
0.048266
0.011807
0.007042
0.008317
0.019775
0.036344
0.21356
0.29415
0.04228
0.0071255
0.0040171
0.012183
0.020664
0.090909
0.28589
0.26785
0.26001
0.31935
0.30769
0.20151
0.067508
0.0033822
0.0018044
0.021327
0.09382
0.17522
0.13669
0.023741
0.0058076
0.0034638
0.0016958
0.005465
0.0096581
0.04868
0.10192
0.13433
0.040576
0.0016709
0.00085787
0.010164
0.044716
0.14062
0.13175
0.1279
0.15708
0.15135
0.099119
0.033206
0.019071
0.034906
0.21611
0.39043
0.49848
0.57442
0.10166
0.059818
0.031302
0.0015261
0.0049181
0.0086915
0.043808
0.091724
0.12089
0.036515
0.0015036
0.00077201
0.0020346
0.011068
0.06403
0.14237
0.30754
0.092311
0.011155
0.0018567
0.00042196
0.017162
0.031413
0.19448
0.35136
0.44859
0.51693
0.091484
0.053832
0.028169
0.035008
0.064398
0.20564
0.14963
0.23434
0.21655
0.14258
0.096191
0.037097
0.025498
0.029303
0.032726
0.13022
0.087241
0.15467
0.070316
0.058613
0.036636
0.019873
0.066525
0.15923
0.35467
0.32174
0.084275
0.038247
0.028643
0.021636
0.027314
0.019575
0.067794
0.1673
0.65287
0.26759
0.059447
0.038206
0.027199
0.026654
0.054797
0.085352
0.14936
0.29811
0.06558
0.053276
0.046555
0.033004
0.020563
0.068836
0.16476
0.36699
0.33292
0.087202
0.039576
0.029638
0.022388
0.034715
0.028262
0.065239
0.31423
0.47954
0.42342
0.031045
0.013237
0.035116
0.02758
0.0567
0.088316
0.15455
0.30847
0.067857
0.055126
0.048172
0.034151
0.008421
0.003795
0.019866
0.078631
0.13639
0.12094
0.076402
0.080763
0.028618
0.034183
0.027829
0.064239
0.30941
0.47218
0.41693
0.030569
0.013034
0.034577
0.017024
0.027944
0.074015
0.23946
0.37064
0.19307
0.067668
0.029889
0.0069704
0.0082919
0.0037368
0.019562
0.077425
0.1343
0.11909
0.075231
0.079524
0.028179
0
0.039611
0.11336
0.21361
0.30215
0.2168
0.071521
0.010813
0.003411
0.017086
0.028045
0.074282
0.24032
0.37198
0.19377
0.067913
0.029997
0.0069956
0.025522
0.037865
0.096623
0.41794
0.31411
0.10007
0.029934
0.064996
0.080392
0
0.039754
0.11377
0.21439
0.30325
0.21758
0.07178
0.010852
0.0034233
0.01969
0.020032
0.027271
0.16155
0.44032
0.13701
0.041728
0.017244
0.020814
0.026002
0.038576
0.098438
0.42579
0.32
0.10195
0.030496
0.066216
0.081902
0.10956
0.075734
0.13611
0.2517
0.19895
0.098225
0.10749
0.082702
0.066401
0.02006
0.020408
0.027783
0.16458
0.44858
0.13958
0.042511
0.017567
0.021204
0.015547
0.025643
0.099748
0.37778
0.29263
0.13325
0.036289
0.0043351
0.011777
0.13138
0.090817
0.16322
0.30183
0.23857
0.11779
0.1289
0.099172
0.079625
0.051269
0.10582
0.10843
0.22543
0.33035
0.11933
0.045901
0.027375
0.021228
0.018643
0.03075
0.11961
0.45301
0.35091
0.15978
0.043516
0.0051984
0.014122
0.052146
0.049899
0.12937
0.17461
0.32716
0.11627
0.053406
0.038142
0.034404
0.059319
0.12244
0.12545
0.26082
0.38222
0.13807
0.053108
0.031673
0.024561
0.0091444
0.031774
0.10784
0.3439
0.2656
0.22643
0.089819
0.075431
0.013853
0.060333
0.057734
0.14969
0.20203
0.37853
0.13453
0.061791
0.044131
0.039806
0.0086164
0.011965
0.074571
0.31043
0.21968
0.17538
0.20004
0.024134
0.026528
0.0078909
0.027418
0.093057
0.29676
0.22919
0.19539
0.077506
0.06509
0.011954
0.016725
0.039767
0.073088
0.42946
0.59153
0.085023
0.014329
0.0080782
0.024499
0.0074352
0.010325
0.064349
0.26787
0.18956
0.15134
0.17262
0.020826
0.022892
0.073548
0.058413
0.1497
0.077784
0.14942
0.1336
0.040262
0.042632
0.071966
0.0092466
0.021986
0.040407
0.23743
0.32703
0.047005
0.007922
0.0044661
0.013545
0.022974
0.10107
0.31784
0.29779
0.28908
0.35505
0.34208
0.22404
0.075054
0.040661
0.032294
0.082765
0.043003
0.082605
0.07386
0.022259
0.023569
0.039787
0.2389
0.24715
0.15996
0.079469
0.12487
0.10988
0.044073
0.062626
0.19795
0.0086378
0.038
0.1195
0.11196
0.10869
0.13349
0.12862
0.084233
0.028219
0.016207
0.029664
0.18365
0.33179
0.42362
0.48815
0.08639
0.050835
0.026601
0.089823
0.092923
0.060143
0.029879
0.046949
0.041313
0.016571
0.023546
0.074424
0.020642
0.034299
0.030658
0.19991
0.39342
0.19491
0.16877
0.20968
0.070167
0.015165
0.027756
0.17184
0.31045
0.39637
0.45675
0.080834
0.047565
0.02489
0.030933
0.056901
0.1817
0.13221
0.20706
0.19134
0.12598
0.084993
0.032778
0.019314
0.032093
0.028686
0.18705
0.36811
0.18238
0.15792
0.19619
0.065654
0.07082
0.051572
0.052224
0.068841
0.10909
0.074984
0.054337
0.086869
0.15069
0.027845
0.019957
0.069114
0.17056
0.66558
0.2728
0.060604
0.03895
0.027728
0.027173
0.055863
0.087013
0.15227
0.30392
0.066856
0.054313
0.047461
0.033647
0.023134
0.10118
0.088612
0.13126
0.22395
0.19469
0.072198
0.014725
0.019859
0.032805
0.059605
0.063744
0.1914
0.28258
0.21701
0.033512
0.0098708
0.024004
0.038557
0.079266
0.12347
0.21606
0.43124
0.094865
0.077066
0.067344
0.047743
0.011773
0.0053054
0.027773
0.10993
0.19067
0.16907
0.10681
0.11291
0.040007
0.046548
0.084576
0.090449
0.27158
0.40096
0.30792
0.047552
0.014006
0.03406
0.030248
0.024692
0.084392
0.39179
0.28047
0.14054
0.067248
0.041642
0.040005
0.012193
0.005495
0.028766
0.11386
0.19749
0.17512
0.11063
0.11694
0.041438
0
0.058249
0.1667
0.31412
0.44432
0.3188
0.10517
0.0159
0.0050159
0.031329
0.025575
0.087409
0.40579
0.2905
0.14557
0.069652
0.04313
0.041434
0.035912
0.091582
0.13496
0.27551
0.18228
0.028133
0.022714
0.057829
0.1373
0
0.04744
0.13577
0.25584
0.36188
0.25965
0.085657
0.01295
0.0040851
0.023497
0.023905
0.032544
0.19278
0.52545
0.1635
0.049795
0.020578
0.024838
0.029248
0.074588
0.10992
0.22439
0.14846
0.022913
0.018499
0.047098
0.11183
0.025262
0.024914
0.094136
0.321
0.32431
0.17236
0.060734
0.051454
0.037613
0.020591
0.020948
0.028518
0.16894
0.46045
0.14327
0.043636
0.018032
0.021765
0.015958
0.026321
0.10239
0.38777
0.30038
0.13677
0.037249
0.0044498
0.012089
0.022137
0.021832
0.082492
0.28129
0.2842
0.15104
0.053221
0.045089
0.032961
0.015977
0.026781
0.062614
0.31733
0.38722
0.099889
0.013581
0.0055912
0.010206
0.017126
0.028247
0.10988
0.41614
0.32235
0.14678
0.039975
0.0047754
0.012973
0.047902
0.045838
0.11885
0.1604
0.30053
0.10681
0.049059
0.035038
0.031604
0.017146
0.028741
0.067195
0.34054
0.41555
0.1072
0.014575
0.0060003
0.010953
0.052179
0.046094
0.14124
0.38926
0.19822
0.1034
0.019696
0.032237
0.043843
0.045583
0.043619
0.11309
0.15264
0.28598
0.10164
0.046684
0.033341
0.030074
0.0065098
0.00904
0.056339
0.23453
0.16597
0.1325
0.15113
0.018234
0.020042
0.049652
0.043863
0.13441
0.37042
0.18863
0.098398
0.018743
0.030676
0.041721
0.034033
0.03637
0.083839
0.25026
0.59194
0.31931
0.036295
0.038219
0.037637
0.006232
0.0086542
0.053935
0.22452
0.15889
0.12685
0.14468
0.017456
0.019187
0.061646
0.04896
0.12548
0.065196
0.12524
0.11198
0.033746
0.035733
0.06032
0.03258
0.034818
0.080261
0.23958
0.56667
0.30568
0.034746
0.036588
0.036031
0.026927
0.037887
0.091167
0.21289
0.3129
0.35123
0.24376
0.038081
0.026643
0.040088
0.031839
0.081598
0.042397
0.081441
0.07282
0.021945
0.023237
0.039226
0.23554
0.24367
0.15771
0.078349
0.12311
0.10833
0.043452
0.061743
0.19516
0.017511
0.024638
0.059286
0.13844
0.20348
0.22841
0.15852
0.024764
0.017326
0.077145
0.020273
0.06735
0.35965
0.60806
0.29421
0.12795
0.025255
0.033583
0.11976
0.12389
0.080185
0.039836
0.062595
0.055081
0.022093
0.031393
0.099226
0.027521
0.045729
0.040874
0.26653
0.52453
0.25987
0.22501
0.27956
0.09355
0.039224
0.010308
0.034243
0.18286
0.30916
0.14959
0.065056
0.012841
0.017075
0.075518
0.11472
0.093169
0.075096
0.024529
0.12346
0.24546
0.29535
0.18128
0.027417
0.045556
0.04072
0.26552
0.52255
0.25889
0.22416
0.2785
0.093197
0.10053
0.073207
0.074133
0.097721
0.15486
0.10644
0.077133
0.12331
0.21391
0.075233
0.11429
0.092818
0.074812
0.024436
0.123
0.24453
0.29423
0.1806
0.03423
0.041412
0.059729
0.075708
0.02029
0.062107
0.20994
0.1522
0.066099
0.034703
0.15178
0.13293
0.19691
0.33595
0.29206
0.1083
0.022089
0.029791
0.049211
0.089415
0.095624
0.28711
0.4239
0.32553
0.050273
0.014807
0.036008
0.079446
0.026941
0.053539
0.17819
0.21751
0.1491
0.062876
0.042669
0.057012
0.018572
0.043209
0.027872
0.14073
0.34262
0.22937
0.03151
0.038901
0.0289
0.047237
0.085828
0.091788
0.2756
0.40689
0.31248
0.048256
0.014213
0.034564
0.030696
0.025058
0.085642
0.39759
0.28462
0.14262
0.068244
0.042258
0.040597
0.017827
0.041476
0.026754
0.13508
0.32888
0.22017
0.030246
0.037341
0.027741
0.015744
0.029448
0.028579
0.16373
0.16659
0.30105
0.16413
0.084508
0.027321
0.029641
0.024197
0.082699
0.38393
0.27484
0.13772
0.065898
0.040806
0.039202
0.033977
0.086647
0.12769
0.26067
0.17246
0.026617
0.02149
0.054712
0.12991
0.015203
0.028436
0.027597
0.1581
0.16087
0.29071
0.15849
0.081603
0.026382
0.012578
0.014316
0.044491
0.30788
0.4306
0.36372
0.11073
0.040638
0.011751
0.033276
0.08486
0.12506
0.25529
0.1689
0.026068
0.021047
0.053584
0.12723
0.028741
0.028345
0.1071
0.36521
0.36898
0.1961
0.069098
0.05854
0.042794
0.012319
0.014021
0.043573
0.30153
0.42172
0.35623
0.10845
0.039801
0.011508
0.037406
0.014931
0.095634
0.15839
0.22572
0.15673
0.040478
0.054691
0.060594
0.027482
0.027104
0.10241
0.34921
0.35281
0.18751
0.066071
0.055975
0.040919
0.019835
0.033247
0.077731
0.39394
0.4807
0.12401
0.01686
0.0069412
0.01267
0.035767
0.014277
0.091444
0.15145
0.21583
0.14986
0.038705
0.052295
0.05794
0.020417
0.035512
0.091801
0.14691
0.32394
0.15686
0.11809
0.049232
0.024081
0.019704
0.033028
0.077217
0.39134
0.47752
0.12319
0.016748
0.0068953
0.012586
0.059961
0.052969
0.16231
0.44732
0.22779
0.11883
0.022634
0.037045
0.050382
0.020282
0.035278
0.091194
0.14594
0.3218
0.15582
0.11731
0.048906
0.023922
0.021489
0.046082
0.17234
0.16915
0.16187
0.11939
0.089666
0.069074
0.049582
0.053207
0.047002
0.14403
0.39693
0.20213
0.10544
0.020084
0.032872
0.044707
0.036469
0.038973
0.089841
0.26818
0.63431
0.34217
0.038893
0.040955
0.040331
0.019068
0.040891
0.15293
0.1501
0.14363
0.10594
0.079566
0.061293
0.043997
0.098181
0.069973
0.04834
0.075273
0.13072
0.070021
0.043516
0.06414
0.10841
0.021093
0.022541
0.051962
0.15511
0.36687
0.1979
0.022495
0.023688
0.023327
0.017433
0.024528
0.059023
0.13783
0.20257
0.22739
0.15781
0.024654
0.017249
0.056786
0.040471
0.027959
0.043536
0.075604
0.040499
0.025169
0.037097
0.062702
0.034206
0.0082984
0.036598
0.15579
0.49483
0.53833
0.24231
0.11193
0.037301
0.011321
0.015929
0.03833
0.089506
0.13155
0.14767
0.10249
0.016011
0.011202
0.049876
0.013107
0.043543
0.23252
0.39313
0.19021
0.082724
0.016328
0.021712
0.022214
0.0053891
0.023767
0.10117
0.32135
0.3496
0.15736
0.072686
0.024223
0.097912
0.039122
0.0144
0.032957
0.11822
0.28205
0.36932
0.34511
0.23309
0.043494
0.01143
0.037971
0.20277
0.34282
0.16587
0.072138
0.014239
0.018934
0.08374
0.12721
0.10331
0.083272
0.027199
0.1369
0.27218
0.3275
0.20102
0.085383
0.034116
0.012557
0.028739
0.10309
0.24596
0.32206
0.30094
0.20326
0.14711
0.037475
0.0011186
0.016126
0.027079
0.13869
0.3008
0.22998
0.14063
0.10321
0.15678
0.12733
0.10263
0.033523
0.16873
0.33547
0.40364
0.24775
0.046958
0.056811
0.08194
0.10386
0.027835
0.085202
0.288
0.2088
0.090678
0.18131
0.046188
0.0013787
0.019875
0.033375
0.17093
0.37073
0.28344
0.17333
0.076401
0.03279
0.029894
0.0072606
0.018694
0.12653
0.20274
0.14765
0.071834