0.14986
0.27257
0.24758
0.10749
0.053983
0.074533
0.09828
0.20695
0.077084
0.099194
0.072912
0.044865
0.029507
0.058814
0.15022
0.36788
0.28546
0.10409
0.055202
0.077616
0.082937
0.073165
0.11544
0.15801
0.14375
0.089206
0.09896
0.33356
0.28001
0.092357
0.12483
0.15793
0.16681
0.10679
0.29004
0.17801
0.075585
0.055558
0.034187
0.022484
0.044815
0.11446
0.28032
0.21752
0.079318
0.50682
0.18827
0.13802
0.10092
0.10807
0.066558
0.044516
0.018169
0.2072
0.25417
0.21337
0.070375
0.095117
0.12034
0.1271
0.081372
0.22101
0.13564
0.33405
0.24124
0.15018
0.065644
0.11532
0.061828
0.048258
0.071277
0.097544
0.44736
0.16618
0.12183
0.089083
0.095395
0.058749
0.039294
0.016038
0.18289
0.16655
0.043906
0.017363
0.038888
0.036118
0.099063
0.32278
0.19843
0.19693
0.29486
0.21294
0.13256
0.057942
0.10179
0.054574
0.042596
0.062915
0.0861
0.056454
0.013721
0.078387
0.036378
0.028397
0.069108
0.27825
0.39739
0.21265
0.19533
0.051494
0.020364
0.04561
0.042361
0.11618
0.37857
0.23273
0.23096
0.013358
0.056209
0.1824
0.22018
0.14951
0.21239
0.13797
0.042683
0.00701
0.066212
0.016092
0.091935
0.042665
0.033305
0.081052
0.32634
0.46607
0.2494
0.18157
0.16878
0.11716
0.083536
0.030812
0.096543
0.091486
0.047587
0.074483
0.016022
0.067422
0.21878
0.2641
0.17933
0.25475
0.16549
0.051197
0.0084083
0.010409
0.033147
0.13035
0.29084
0.29362
0.33325
0.14408
0.09259
0.013925
0.21779
0.20245
0.14053
0.1002
0.036958
0.1158
0.10974
0.05708
0.089341
0.026428
0.019326
0.087471
0.099907
0.09664
0.28728
0.33519
0.162
0.12424
0.0093912
0.029906
0.1176
0.2624
0.26491
0.30066
0.12999
0.083536
0.012563
0.10601
0.16773
0.25772
0.20974
0.31871
0.20717
0.082516
0.052084
0.078397
0.023844
0.017436
0.078918
0.090138
0.087189
0.25919
0.30241
0.14616
0.11209
0.077195
0.062041
0.15255
0.077286
0.10817
0.19179
0.23316
0.16824
0.19027
0.12394
0.19609
0.3013
0.24522
0.37261
0.2422
0.096471
0.060892
0.091656
0.11143
0.036441
0.022396
0.053156
0.05101
0.032701
0.25868
0.17043
0.13921
0.090251
0.072534
0.17835
0.090357
0.12646
0.22422
0.27259
0.19669
0.22245
0.038408
0.10671
0.068665
0.22499
0.21905
0.14733
0.11758
0.059182
0.054255
0.1205
0.039405
0.024218
0.05748
0.055159
0.035361
0.27972
0.18429
0.15053
0.31379
0.28892
0.26732
0.016103
0.029583
0.048547
0.074408
0.049409
0.20989
0.041532
0.11539
0.074251
0.24329
0.23687
0.15931
0.12715
0.063996
0.058669
0.18119
0.089484
0.26929
0.31121
0.19494
0.13158
0.14189
0.080656
0.23423
0.30286
0.27885
0.25801
0.015542
0.028553
0.046856
0.071817
0.047688
0.20258
0.055285
0.036451
0.066883
0.19668
0.23108
0.249
0.18856
0.091088
0.19482
0.17488
0.086367
0.25991
0.30037
0.18815
0.127
0.13695
0.077846
0.22607
0.089017
0.19545
0.13771
0.020073
0.062061
0.098842
0.19833
0.12101
0.1054
0.067968
0.044814
0.082227
0.24181
0.2841
0.30612
0.23182
0.11198
0.23952
0.16332
0.12654
0.12433
0.328
0.17651
0.1458
0.067431
0.079584
0.13557
0.10944
0.24029
0.16931
0.024678
0.076298
0.12152
0.24383
0.14877
0.12959
0.18061
0.18605
0.10388
0.11342
0.12554
0.10321
0.11868
0.1361
0.12163
0.19093
0.14792
0.14534
0.38343
0.20635
0.17044
0.078827
0.093035
0.15849
0.13446
0.13397
0.15193
0.28967
0.13427
0.14037
0.095406
0.077133
0.15081
0.21113
0.2175
0.12144
0.13259
0.14675
0.12066
0.13874
0.1591
0.14218
0.10575
0.1773
0.13239
0.094935
0.13206
0.16573
0.23212
0.21313
0.069996
0.057682
0.081103
0.086663
0.076452
0.12062
0.16511
0.15021
0.093213
0.10341
0.34854
0.29259
0.096506
0.13044
0.16503
0.1743
0.11159
0.30307
0.18601
0.098593
0.25773
0.27138
0.23875
0.24195
0.070857
0.042912
0.092472
0.038721
0.084894
0.21538
0.16579
0.065458
0.18565
0.15607
0.11173
0.12247
0.095544
0.30258
0.25401
0.08378
0.11324
0.14327
0.15132
0.096871
0.26311
0.16148
0.39769
0.28719
0.17878
0.078148
0.13729
0.073605
0.05745
0.084854
0.11612
0.0737
0.18698
0.14393
0.056827
0.16117
0.13549
0.096998
0.10632
0.082946
0.041402
0.053856
0.050277
0.13521
0.3041
0.28314
0.066691
0.083233
0.057535
0.35925
0.25944
0.1615
0.070595
0.12402
0.066491
0.051897
0.076653
0.1049
0.068781
0.016717
0.095503
0.044321
0.034598
0.084198
0.33901
0.48416
0.25908
0.0374
0.048651
0.045418
0.12214
0.27471
0.25577
0.060245
0.075188
0.051974
0.050113
0.035293
0.074779
0.08206
0.11477
0.22028
0.1876
0.062605
0.042914
0.075665
0.01839
0.10506
0.048757
0.038061
0.092624
0.37294
0.53261
0.28501
0.2075
0.19288
0.13389
0.095462
0.035211
0.11033
0.10455
0.054382
0.085117
0.055128
0.038825
0.082263
0.090273
0.12626
0.24233
0.20638
0.06887
0.047208
0.13095
0.14561
0.048776
0.093414
0.13116
0.27383
0.12009
0.12713
0.093507
0.246
0.22867
0.15873
0.11318
0.041745
0.1308
0.12395
0.064473
0.10091
0.029851
0.021829
0.098801
0.11285
0.10916
0.32449
0.3786
0.18298
0.14033
0.15525
0.17263
0.057828
0.11075
0.1555
0.32465
0.14238
0.15072
0.11086
0.06802
0.032225
0.072383
0.070534
0.17086
0.30324
0.19399
0.1741
0.060865
0.023813
0.017414
0.078817
0.090023
0.087078
0.25886
0.30202
0.14597
0.11194
0.077097
0.061962
0.15235
0.077187
0.10803
0.19154
0.23286
0.16802
0.19003
0.054261
0.025707
0.057743
0.056267
0.1363
0.2419
0.15475
0.13888
0.048554
0.0079445
0.0093379
0.048425
0.10122
0.48919
0.42975
0.091368
0.036204
0.010597
0.082728
0.066488
0.16348
0.082825
0.11592
0.20553
0.24987
0.18029
0.2039
0.035206
0.097819
0.062942
0.20624
0.20079
0.13505
0.10778
0.054249
0.049733
0.0085248
0.01002
0.051962
0.10861
0.52492
0.46113
0.098041
0.038848
0.011371
0.12479
0.2401
0.16314
0.056046
0.028038
0.052509
0.055557
0.036548
0.070824
0.04375
0.12156
0.078215
0.25628
0.24951
0.16782
0.13394
0.067413
0.061801
0.19087
0.094261
0.28367
0.32783
0.20534
0.1386
0.14947
0.084962
0.24673
0.15507
0.29837
0.20273
0.069647
0.034841
0.065251
0.069038
0.045417
0.08801
0.032174
0.22237
0.21666
0.2441
0.15749
0.1152
0.13503
0.11086
0.07105
0.19375
0.095685
0.28795
0.33278
0.20844
0.1407
0.15172
0.086245
0.25046
0.09862
0.21654
0.15257
0.022239
0.068756
0.10951
0.21972
0.13407
0.11678
0.03266
0.22573
0.21993
0.24778
0.15987
0.11694
0.13707
0.11253
0.072123
0.13173
0.14412
0.12904
0.11132
0.18612
0.20117
0.080772
0.084834
0.1804
0.12413
0.27254
0.19203
0.027991
0.086539
0.13783
0.27655
0.16874
0.14698
0.20485
0.21103
0.11783
0.12864
0.14238
0.11707
0.13461
0.15437
0.13795
0.1658
0.1814
0.16241
0.14012
0.23426
0.2532
0.10166
0.10677
0.22706
0.1544
0.25393
0.1389
0.16412
0.12421
0.082958
0.12484
0.13429
0.13623
0.2277
0.23456
0.13097
0.14299
0.15827
0.13012
0.14963
0.17159
0.15334
0.11405
0.19121
0.14277
0.10238
0.14242
0.17874
0.25033
0.22985
0.075488
0.17163
0.28226
0.15439
0.18243
0.13807
0.092212
0.13876
0.14927
0.15143
0.081035
0.080305
0.10618
0.30268
0.20492
0.20295
0.076914
0.12174
0.079028
0.10355
0.27069
0.28503
0.25075
0.25412
0.07442
0.04507
0.097123
0.040669
0.089164
0.22621
0.17413
0.06875
0.19499
0.16392
0.11735
0.12863
0.10035
0.40186
0.16206
0.16121
0.071926
0.046936
0.01441
0.029595
0.038957
0.11467
0.18273
0.1852
0.10018
0.21125
0.10872
0.1524
0.17926
0.17369
0.18065
0.079822
0.20251
0.15589
0.061548
0.17456
0.14675
0.10506
0.11515
0.089836
0.044841
0.05833
0.054454
0.14644
0.32936
0.30666
0.072231
0.090147
0.062315
0.16359
0.16579
0.089684
0.18912
0.097328
0.13643
0.16048
0.15549
0.16173
0.15755
0.064593
0.14687
0.28232
0.18441
0.2079
0.28651
0.26517
0.16869
0.043943
0.057161
0.053363
0.14351
0.32276
0.30052
0.070784
0.088341
0.061066
0.058879
0.041466
0.087861
0.096415
0.13485
0.25882
0.22042
0.073556
0.050421
0.1544
0.063299
0.14393
0.27666
0.18071
0.20373
0.28077
0.25986
0.16531
0.083183
0.094206
0.14334
0.28657
0.27067
0.11002
0.071565
0.11493
0.036249
0.034618
0.02438
0.051658
0.056688
0.079285
0.15217
0.1296
0.043248
0.029645
0.082232
0.091439
0.03063
0.058661
0.082366
0.17196
0.075413
0.079833
0.058719
0.048908
0.055389
0.084275
0.16849
0.15914
0.064689
0.042077
0.067575
0.021313
0.029448
0.034957
0.040059
0.047394
0.41376
0.33419
0.59595
0.28531
0.26332
0.047078
0.052349
0.017535
0.033583
0.047154
0.098445
0.043174
0.045704
0.033617
0.020626
0.0097717
0.021949
0.021388
0.051812
0.091952
0.058824
0.052792
0.018456
0.016859
0.020013
0.022934
0.027133
0.23688
0.19132
0.34118
0.16334
0.15075
0.023319
0.033001
0.56002
0.59195
0.14783
0.086921
0.039452
0.01308
0.012421
0.022983
0.010888
0.024457
0.023832
0.057732
0.10246
0.065545
0.058824
0.020565
0.0033649
0.0039551
0.02051
0.042871
0.2072
0.18202
0.038699
0.015334
0.0044886
0.025983
0.036771
0.624
0.65958
0.16472
0.096853
0.04396
0.014574
0.01384
0.0095183
0.021207
0.097304
0.067966
0.047602
0.044008
0.047621
0.064012
0.074657
0.0083772
0.0098464
0.051062
0.10673
0.51583
0.45315
0.096343
0.038176
0.011174
0.12262
0.23595
0.16032
0.055076
0.027552
0.0516
0.054595
0.035915
0.069598
0.023696
0.052795
0.24224
0.1692
0.11851
0.10956
0.11856
0.15936
0.18586
0.078194
0.11287
0.10016
0.30047
0.22631
0.11207
0.062202
0.054555
0.10522
0.16837
0.32397
0.22013
0.075622
0.037831
0.07085
0.074962
0.049314
0.095562
0.034935
0.24145
0.23525
0.26504
0.171
0.12508
0.14662
0.12037
0.077146
0.10737
0.15498
0.13753
0.41257
0.31074
0.15388
0.085408
0.074908
0.14448
0.096135
0.10546
0.10194
0.15879
0.19588
0.1318
0.047226
0.11661
0.10355
0.039544
0.27331
0.26629
0.30001
0.19357
0.14159
0.16597
0.13625
0.087325
0.1595
0.1745
0.15623
0.13479
0.22535
0.24357
0.097797
0.10271
0.21843
0.10882
0.11937
0.1154
0.17974
0.22173
0.14919
0.053456
0.13199
0.11721
0.11373
0.14475
0.068523
0.1908
0.16065
0.10232
0.23704
0.14755
0.093769
0.16941
0.18535
0.16595
0.14317
0.23936
0.25872
0.10388
0.1091
0.23201
0.15777
0.25946
0.14192
0.1677
0.12692
0.084765
0.12756
0.13721
0.1392
0.1208
0.15375
0.072783
0.20266
0.17063
0.10869
0.25178
0.15673
0.099598
0.091283
0.11467
0.1781
0.21659
0.28576
0.16997
0.12094
0.09853
0.10734
0.17089
0.28105
0.15373
0.18164
0.13747
0.091816
0.13817
0.14863
0.15078
0.080687
0.07996
0.10573
0.30138
0.20404
0.20207
0.076583
0.12122
0.078689
0.098876
0.12421
0.19291
0.2346
0.30954
0.18411
0.131
0.10673
0.11627
0.085784
0.027135
0.040008
0.043998
0.23191
0.27591
0.21491
0.11364
0.173
0.43534
0.17557
0.17465
0.077918
0.050846
0.01561
0.032061
0.042203
0.12422
0.19796
0.20063
0.10853
0.22886
0.11778
0.1651
0.19419
0.18816
0.1957
0.046427
0.052462
0.18116
0.26067
0.25184
0.06598
0.022725
0.028788
0.039122
0.050204
0.072047
0.06299
0.23653
0.31387
0.1729
0.19925
0.10752
0.047548
0.16764
0.1699
0.091904
0.1938
0.099738
0.13981
0.16445
0.15934
0.16573
0.16145
0.066193
0.1505
0.2893
0.18897
0.21305
0.2936
0.27174
0.17287
0.042515
0.061013
0.053342
0.2003
0.26579
0.14642
0.16873
0.091053
0.040265
0.036847
0.13307
0.25114
0.14263
0.12078
0.051806
0.16499
0.22237
0.066531
0.16203
0.06643
0.15105
0.29034
0.18965
0.21381
0.29465
0.27271
0.17349
0.087297
0.098866
0.15043
0.30074
0.28405
0.11547
0.075104
0.12062
0.038042
0.03698
0.13355
0.25204
0.14314
0.12122
0.051992
0.16558
0.22317
0.066769
0.057449
0.019064
0.029119
0.032598
0.10002
0.18205
0.18605
0.19278
0.14257
0.029632
0.033559
0.05106
0.10208
0.096419
0.039193
0.025493
0.040942
0.012913
0.017842
0.021179
0.02427
0.028715
0.25069
0.20248
0.36107
0.17286
0.15954
0.0195
0.0064711
0.0098842
0.011065
0.033952
0.061794
0.063152
0.065437
0.048394
0.32611
0.18877
0.17914
0.35599
0.32325
0.16308
0.24947
0.28428
0.29791
0.0071844
0.0085284
0.009773
0.011563
0.10095
0.081532
0.14539
0.069606
0.064243
0.0099371
0.014063
0.23865
0.25226
0.062997
0.037041
0.016812
0.0055739
0.005293
0.13131
0.076013
0.072135
0.14335
0.13016
0.065666
0.10045
0.11447
0.11996
0.2779
0.54122
0.38756
0.34205
0.1449
0.055899
0.089285
0.19761
0.10013
0.0096329
0.013633
0.23134
0.24453
0.061068
0.035907
0.016298
0.0054033
0.0051309
0.0035288
0.0078621
0.036075
0.025198
0.017648
0.016316
0.017655
0.023732
0.027678
0.26939
0.52465
0.3757
0.33158
0.14046
0.054187
0.086552
0.19156
0.097063
0.17034
0.25199
0.24566
0.1584
0.12723
0.04081
0.038789
0.023129
0.061569
0.0076147
0.016965
0.077844
0.054373
0.038082
0.035207
0.038097
0.05121
0.059726
0.025127
0.036271
0.032186
0.096556
0.072725
0.036013
0.019988
0.017531
0.033813
0.36757
0.54376
0.5301
0.34181
0.27454
0.088063
0.083701
0.049908
0.13286
0.066159
0.043491
0.031739
0.047479
0.056378
0.065511
0.021753
0.0472
0.031087
0.10296
0.14862
0.13189
0.39565
0.298
0.14757
0.081906
0.071837
0.13856
0.092193
0.10113
0.097765
0.15228
0.18785
0.1264
0.045289
0.11183
0.099301
0.2711
0.17821
0.13005
0.19455
0.23102
0.26844
0.089136
0.19341
0.12738
0.079316
0.11139
0.11828
0.10159
0.098673
0.07583
0.16715
0.28324
0.10431
0.12673
0.13903
0.13439
0.20933
0.25823
0.17376
0.062258
0.15372
0.1365
0.13246
0.16859
0.079805
0.22221
0.1871
0.11917
0.27607
0.17185
0.10921
0.10903
0.15313
0.16259
0.13965
0.13564
0.10424
0.22978
0.38936
0.14339
0.14141
0.14699
0.13294
0.067307
0.087504
0.06888
0.1223
0.18306
0.17593
0.1334
0.16979
0.080376
0.2238
0.18844
0.12002
0.27804
0.17308
0.10999
0.10081
0.12663
0.19668
0.23918
0.31558
0.18771
0.13356
0.10881
0.11854
0.14242
0.14804
0.13389
0.067789
0.08813
0.069373
0.12318
0.18437
0.17719
0.060086
0.11919
0.11127
0.14558
0.19679
0.22639
0.26435
0.21223
0.11298
0.086889
0.10915
0.16952
0.20616
0.27201
0.16179
0.11512
0.093787
0.10217
0.075384
0.023845
0.035157
0.038664
0.2038
0.24246
0.18886
0.099867
0.15203
0.051791
0.10273
0.095913
0.12548
0.16962
0.19514
0.22785
0.18293
0.097381
0.064363
0.1404
0.18922
0.4375
0.31467
0.18076
0.088955
0.047533
0.075856
0.04855
0.054861
0.18944
0.27259
0.26336
0.068998
0.023764
0.030105
0.040911
0.0525
0.075342
0.06587
0.24735
0.32822
0.18081
0.20836
0.11244
0.049722
0.14168
0.1095
0.15602
0.14117
0.12005
0.089942
0.066573
0.051843
0.13284
0.27825
0.07585
0.067908
0.15299
0.19142
0.35835
0.25586
0.19965
0.17061
0.046913
0.067325
0.058861
0.22102
0.29329
0.16157
0.18618
0.10047
0.044431
0.040659
0.14684
0.27712
0.15739
0.13328
0.057165
0.18206
0.24538
0.073414
0.24864
0.067778
0.060681
0.13671
0.17105
0.32021
0.22863
0.1784
0.15245
0.13313
0.10405
0.10023
0.15329
0.18615
0.15597
0.2466
0.15565
0.059191
0.046499
0.16793
0.31692
0.17999
0.15242
0.065375
0.20821
0.28062
0.083957
0.072237
0.023971
0.036615
0.040989
0.12577
0.22891
0.23394
0.24241
0.17927
0.15225
0.11899
0.11462
0.1753
0.21289
0.17837
0.28202
0.178
0.067692
0.097358
0.082254
0.22875
0.17087
0.08823
0.1422
0.12208
0.15483
0.13673
0.01417
0.0047022
0.0071824
0.0080404
0.024671
0.044903
0.04589
0.04755
0.035166
0.23697
0.13717
0.13017
0.25869
0.23489
0.1185
0.18128
0.20658
0.21648
0.019098
0.016135
0.044871
0.033518
0.017307
0.027894
0.023946
0.03037
0.026821
0.54133
0.44653
0.1823
0.033141
0.011024
0.019848
0.038587
0.096518
0.3096
0.10154
0.058778
0.055779
0.11085
0.10065
0.050777
0.077678
0.088518
0.09276
0.21489
0.4185
0.29969
0.2645
0.11205
0.043224
0.069041
0.1528
0.077426
0.23196
0.19134
0.078114
0.014201
0.004724
0.008505
0.016535
0.041358
0.13266
0.1976
0.43093
0.13625
0.024237
0.013464
0.14565
0.2029
0.23806
0.16277
0.15739
0.30651
0.21949
0.19372
0.082062
0.031657
0.050565
0.11191
0.056706
0.099516
0.14722
0.14352
0.092541
0.074328
0.023842
0.022661
0.013512
0.03597
0.14472
0.31561
0.099792
0.017751
0.0098607
0.10668
0.1486
0.17435
0.11921
0.057084
0.1988
0.53067
0.38542
0.10887
0.01307
0.0028663
0.008012
0.08183
0.12999
0.19231
0.18747
0.12088
0.097092
0.031144
0.029601
0.01765
0.046986
0.023397
0.015381
0.011225
0.016791
0.019939
0.023168
0.0076931
0.016692
0.010994
0.074566
0.25968
0.69319
0.50345
0.14222
0.017072
0.0037442
0.010466
0.10689
0.01443
0.14815
0.13408
0.0099262
0.0058066
0.004609
0.0083671
0.014767
0.019034
0.10975
0.07215
0.052653
0.078765
0.093528
0.10868
0.036087
0.078302
0.051571
0.032111
0.045097
0.047884
0.041129
0.039948
0.0307
0.067671
0.11467
0.04223
0.067687
0.69497
0.62896
0.046562
0.027238
0.02162
0.039249
0.069268
0.089284
0.043168
0.028912
0.045066
0.038488
0.037058
0.041699
0.032499
0.039411
0.035264
0.1093
0.1535
0.16299
0.13999
0.13598
0.1045
0.23034
0.39032
0.14375
0.14175
0.14735
0.13327
0.067473
0.08772
0.06905
0.1226
0.18351
0.17636
0.14694
0.098411
0.1534
0.13101
0.12614
0.14194
0.11062
0.13415
0.12003
0.10034
0.12574
0.29496
0.32713
0.26531
0.18686
0.11004
0.068579
0.10848
0.084774
0.088123
0.0797
0.040351
0.052459
0.041294
0.07332
0.10974
0.10547
0.035766
0.070945
0.066236
0.086654
0.11714
0.13476
0.15735
0.12633
0.067249
0.060007
0.075196
0.1764
0.19564
0.15866
0.11175
0.065807
0.041013
0.064877
0.18457
0.25883
0.15589
0.11974
0.21763
0.24543
0.27559
0.51107
0.37118
0.033612
0.066671
0.062246
0.081434
0.11008
0.12664
0.14787
0.11872
0.063199
0.041771
0.091118
0.1228
0.28393
0.20422
0.11731
0.05773
0.030848
0.04923
0.17345
0.24324
0.1465
0.11253
0.20452
0.23064
0.25899
0.48028
0.34882
0.080358
0.064096
0.10332
0.11179
0.11662
0.1206
0.12708
0.12598
0.12713
0.16201
0.12522
0.1784
0.16143
0.13727
0.10285
0.076126
0.059282
0.1519
0.31817
0.086733
0.077652
0.17494
0.21888
0.40977
0.29257
0.2283
0.19509
0.1073
0.033931
0.053807
0.078652
0.19074
0.14759
0.15522
0.16132
0.17235
0.10661
0.14686
0.093288
0.06606
0.10244
0.2166
0.15234
0.093669
0.079196
0.28344
0.077266
0.069176
0.15584
0.19499
0.36504
0.26063
0.20338
0.17379
0.15177
0.11861
0.11426
0.17475
0.21221
0.17781
0.28112
0.17744
0.067477
0.09497
0.13083
0.083105
0.058849
0.09126
0.19296
0.13571
0.083444
0.070551
0.16819
0.15945
0.13656
0.14825
0.088536
0.085968
0.11164
0.22713
0.12407
0.12494
0.097647
0.094062
0.14386
0.1747
0.14638
0.23143
0.14607
0.055549
0.079894
0.067499
0.18772
0.14022
0.072403
0.11669
0.10018
0.12705
0.1122
0.13846
0.13126
0.11242
0.12204
0.072886
0.070772
0.091908
0.18698
0.10214
0.3031
0.20318
0.22376
0.094045
0.17932
0.13842
0.090986
0.26538
0.49167
0.013182
0.011137
0.030971
0.023135
0.011946
0.019253
0.016528
0.020962
0.018513
0.37364
0.30821
0.12583
0.022874
0.0076093
0.0137
0.026634
0.066619
0.21369
0.050008
0.033523
0.036918
0.015516
0.029586
0.022837
0.015012
0.043784
0.081121
0.23294
0.016281
0.010357
0.0088296
0.0088225
0.02986
0.10765
0.16202
0.76535
0.22191
0.18305
0.074731
0.013586
0.0045194
0.0081367
0.015819
0.039567
0.12692
0.18904
0.41227
0.13035
0.023188
0.012881
0.13935
0.19411
0.22775
0.15572
0.13835
0.0096698
0.0061514
0.0052441
0.0052399
0.017734
0.063935
0.096226
0.45457
0.48677
0.16879
0.038865
0.02555
0.023029
0.02576
0.017728
0.026755
0.16556
0.15033
0.32785
0.10366
0.018439
0.010243
0.11081
0.15436
0.18111
0.12383
0.059297
0.2065
0.55124
0.40036
0.11309
0.013576
0.0029775
0.0083226
0.085003
0.38709
0.13422
0.030906
0.020318
0.018313
0.020485
0.014098
0.021276
0.13166
0.16653
0.089419
0.10409
0.028989
0.01839
0.032439
0.026875
0.041811
0.068278
0.046302
0.16125
0.43044
0.31262
0.088308
0.010601
0.0023249
0.0064987
0.066374
0.00896
0.091996
0.083259
0.0061636
0.0036056
0.0028619
0.0051955
0.0091693
0.011819
0.13003
0.069822
0.081279
0.022636
0.014359
0.02533
0.020985
0.032648
0.053314
0.20828
0.75646
0.096731
0.0034577
0.013442
0.015914
0.014104
0.021792
0.022573
0.011174
0.11473
0.10383
0.0076867
0.0044965
0.0035691
0.0064793
0.011435
0.014739
0.0071264
0.0047729
0.0074397
0.0063538
0.0061176
0.0068839
0.0053651
0.0065062
0.0058215
0.25974
0.94338
0.12063
0.0043121
0.016763
0.019846
0.01759
0.027177
0.02815
0.014144
0.0047986
0.0051326
0.0072128
0.008624
0.0090647
0.004598
0.0028508
0.0089078
0.1358
0.09095
0.14177
0.12108
0.11658
0.13118
0.10224
0.12398
0.11093
0.092733
0.11621
0.2726
0.30233
0.24519
0.17269
0.1017
0.06338
0.10026
0.26952
0.091441
0.097805
0.13744
0.16434
0.17273
0.087618
0.054323
0.16974
0.31237
0.30385
0.11106
0.14225
0.12192
0.062131
0.14244
0.16821
0.26816
0.055707
0.069807
0.16376
0.18162
0.14729
0.10374
0.061091
0.038074
0.060227
0.17134
0.24029
0.14472
0.11116
0.20204
0.22784
0.25584
0.47444
0.34458
0.18765
0.18253
0.066713
0.085453
0.073242
0.037323
0.085568
0.10105
0.16109
0.043642
0.077336
0.088568
0.063479
0.068996
0.16415
0.13804
0.18603
0.18139
0.17628
0.24722
0.1489
0.11437
0.20787
0.23441
0.26322
0.48813
0.35452
0.081672
0.065144
0.10501
0.11362
0.11853
0.12257
0.12915
0.12804
0.12921
0.044901
0.079568
0.091124
0.065311
0.070987
0.16889
0.14202
0.1914
0.18663
0.044843
0.075536
0.1184
0.12827
0.13685
0.11891
0.077857
0.06017
0.024577
0.12936
0.040907
0.064868
0.094821
0.22995
0.17793
0.18713
0.19449
0.20778
0.12852
0.17706
0.11247
0.079641
0.1235
0.26113
0.18366
0.11293
0.095478
0.065471
0.16869
0.15347
0.030496
0.10712
0.1361
0.11275
0.12613
0.36241
0.16501
0.24176
0.14517
0.20119
0.19143
0.14838
0.15674
0.24537
0.15521
0.11938
0.16446
0.10447
0.073977
0.11472
0.24256
0.1706
0.10489
0.088687
0.21143
0.20043
0.17166
0.18636
0.1113
0.10807
0.14034
0.28552
0.15596
0.15327
0.22456
0.13484
0.18688
0.17781
0.13782
0.14559
0.22792
0.14417
0.069831
0.080061
0.17832
0.20756
0.23139
0.26345
0.17361
0.054904
0.099179
0.095587
0.090616
0.077608
0.084253
0.050317
0.048857
0.063449
0.12908
0.070509
0.20925
0.14027
0.15447
0.064924
0.1238
0.095557
0.062812
0.1832
0.33943
0.031571
0.036196
0.080621
0.093837
0.10461
0.11911
0.07849
0.024822
0.044839
0.26283
0.099998
0.054139
0.06412
0.062403
0.028801
0.094389
0.27582
0.66549
0.037889
0.025398
0.027971
0.011756
0.022416
0.017303
0.011374
0.033173
0.061461
0.17649
0.012335
0.0078471
0.0066897
0.0066844
0.022623
0.08156
0.12275
0.57987
0.047592
0.018107
0.0098031
0.01161
0.011299
0.005215
0.017091
0.049944
0.1205
0.72479
0.15725
0.031006
0.0068725
0.024859
0.016501
0.0064594
0.004866
0.17017
0.12677
0.0088604
0.0056365
0.0048052
0.0048014
0.01625
0.058584
0.088172
0.41652
0.44603
0.15466
0.035612
0.023411
0.021101
0.023604
0.016244
0.024515
0.1517
0.52062
0.11296
0.022271
0.0049365
0.017856
0.011852
0.0046397
0.0034952
0.12223
0.40514
0.062455
0.0077914
0.0043635
0.00032026
0.0038993
0.019726
0.075944
0.27426
0.34723
0.1204
0.027723
0.018225
0.016427
0.018375
0.012646
0.019085
0.1181
0.14938
0.080209
0.093371
0.026003
0.016496
0.029099
0.024107
0.037505
0.061246
0.31539
0.048621
0.0060655
0.0033969
0.00024932
0.0030356
0.015356
0.059121
0.2135
0.51473
0.028974
0.0049924
0.0035302
0.00074837
0.0011945
0.0021804
0.059758
0.61899
0.10015
0.053774
0.062598
0.017433
0.011059
0.019508
0.016162
0.025144
0.041061
0.16041
0.5826
0.074498
0.002663
0.010352
0.012256
0.010863
0.016783
0.017385
0.34509
0.019425
0.003347
0.0023667
0.00050172
0.00080085
0.0014618
0.040063
0.41498
0.26864
0.47131
0.080276
0.0095589
0
0.0089634
0.020249
0.021497
0.11413
0.19174
0.69638
0.089049
0.0031831
0.012374
0.01465
0.012984
0.020061
0.02078
0.01044
0.0035422
0.0037888
0.0053243
0.006366
0.0066914
0.0033942
0.0021044
0.0065755
0.32111
0.56335
0.095954
0.011426
0
0.010714
0.024203
0.025695
0.13642
0.13136
0.034192
0.006754
0.0059674
0.0091114
0.0076288
0.0070066
0.0053877
0.012515
0.072935
0.024745
0.026467
0.037195
0.044472
0.046744
0.023711
0.014701
0.045935
0.084532
0.082226
0.030053
0.038495
0.032995
0.016814
0.038547
0.045521
0.072569
0.91766
0.23885
0.047182
0.041687
0.06365
0.053293
0.048947
0.037637
0.087427
0.001638
0.0029053
0.0084846
0.016588
0.11067
0.10989
0.10372
0.038774
0.0057492
0.22024
0.21423
0.078301
0.1003
0.085964
0.043806
0.10043
0.1186
0.18907
0.051222
0.090769
0.10395
0.074505
0.08098
0.19267
0.16202
0.21835
0.2129
0.0042677
0.0075694
0.022106
0.043219
0.28833
0.28631
0.27023
0.10102
0.014979
0.07247
0.085807
0.32518
0.38149
0.19841
0.17595
0.13927
0.1344
0.085947
0.058243
0.10321
0.1182
0.084718
0.09208
0.21907
0.18422
0.24828
0.24208
0.058167
0.09798
0.15358
0.16639
0.17752
0.15424
0.10099
0.078048
0.031879
0.082403
0.097569
0.36975
0.43378
0.22561
0.20006
0.15836
0.15282
0.097728
0.11095
0.045442
0.018566
0.13981
0.22622
0.1889
0.066801
0.027096
0.029343
0.051548
0.13281
0.12083
0.024011
0.084343
0.10716
0.088776
0.099311
0.28534
0.12992
0.19035
0.11429
0.15841
0.15072
0.11682
0.12341
0.19319
0.1222
0.33472
0.16788
0.16779
0.16196
0.08303
0.1249
0.11713
0.13663
0.13937
0.16779
0.24312
0.36398
0.28046
0.17807
0.12341
0.13022
0.087837
0.11284
0.12762
0.18698
0.11227
0.1556
0.14805
0.11476
0.12122
0.18978
0.12004
0.058144
0.066662
0.14848
0.17282
0.19266
0.21936
0.14455
0.045715
0.08258
0.16482
0.23882
0.35754
0.2755
0.17492
0.12122
0.12791
0.086283
0.11085
0.12702
0.11403
0.20069
0.31384
0.16509
0.17049
0.15756
0.13106
0.037352
0.023065
0.026444
0.058901
0.068556
0.076429
0.08702
0.057344
0.018135
0.032759
0.19202
0.073058
0.039554
0.046846
0.045591
0.021042
0.06896
0.20151
0.4862
0.05039
0.045234
0.079614
0.1245
0.065491
0.067632
0.062502
0.051989
0.014817
0.72624
0.23401
0.080604
0.030681
0.070315
0.04736
0.025715
0.017843
0.048328
0.048548
0.018471
0.01
0.011844
0.011526
0.0053198
0.017435
0.050947
0.12292
0.73935
0.16041
0.031628
0.0070105
0.025358
0.016832
0.0065891
0.0049637
0.17359
0.18361
0.059162
0.020378
0.0077568
0.017777
0.011974
0.0065014
0.0045112
0.012218
0.53621
0.12937
0.029254
9.1577e-05
0.0038846
0.0093595
0.014778
0.025206
0.17295
0.52453
0.11381
0.022439
0.0049736
0.01799
0.011942
0.0046747
0.0035215
0.12315
0.40819
0.062926
0.0078501
0.0043963
0.00032267
0.0039287
0.019874
0.076515
0.27632
0.38042
0.091782
0.020754
6.497e-05
0.0027559
0.0066401
0.010485
0.017882
0.1227
0.32314
0.099885
0.019281
0.014255
0.0058431
0.040703
0.095289
0.074413
0.37689
0.29114
0.044882
0.0055991
0.0031357
0.00023015
0.0028021
0.014175
0.054575
0.19709
0.47515
0.026746
0.0046085
0.0032587
0.00069082
0.0011027
0.0020127
0.055163
0.57139
0.23048
0.071243
0.013752
0.010167
0.0041676
0.029032
0.067966
0.053076
0.26882
0.26127
0.1297
0.10819
0.1334
0.091925
0.033281
0.0093128
0.10018
0.20441
0.3434
0.01933
0.0033306
0.0023551
0.00049926
0.00079693
0.0014546
0.039867
0.41295
0.26732
0.469
0.079882
0.0095121
0
0.0089195
0.020149
0.021391
0.11357
0.18882
0.093736
0.078187
0.09641
0.066435
0.024052
0.0067304
0.072398
0.14773
0.50757
0.12872
0.0070706
0
0.0014173
0.0025408
0.0098791
0.0077048
0.1774
0.31953
0.56059
0.095482
0.01137
0
0.010661
0.024084
0.025569
0.13575
0.13072
0.034023
0.0067208
0.0059381
0.0090666
0.0075913
0.0069722
0.0053612
0.012454
0.6067
0.15386
0.0084515
0
0.0016941
0.003037
0.011808
0.0092095
0.21204
0.22285
0.011183
0.0049906
0.00046798
0.00085556
0.002997
0.0030403
0.0061053
0.22144
0.37931
0.098728
0.019502
0.017231
0.026309
0.022028
0.020231
0.015557
0.036137
0.00067706
0.0012009
0.003507
0.0068566
0.045743
0.045422
0.042871
0.016027
0.0023763
0.64665
0.03245
0.014481
0.001358
0.0024826
0.0086966
0.0088221
0.017716
0.64257
0.022246
0.014464
0.0090518
0.0068267
0.0071061
0.017097
0.028515
0.029533
0.02464
0.0045995
0.0081579
0.023824
0.046579
0.31075
0.30856
0.29123
0.10888
0.016143
0.078104
0.092478
0.35046
0.41115
0.21384
0.18963
0.1501
0.14485
0.092629
0.15113
0.098256
0.061492
0.046376
0.048274
0.11614
0.19371
0.20063
0.16739
0.051811
0.052382
0.035688
0.114
0.13123
0.19501
0.1328
0.11248
0.053884
0.09302
0.11014
0.41739
0.48967
0.25468
0.22584
0.17876
0.17251
0.11032
0.12525
0.051297
0.020958
0.15782
0.25537
0.21324
0.075408
0.030587
0.033124
0.061707
0.062386
0.042503
0.13577
0.15629
0.23226
0.15816
0.13396
0.064176
0.044864
0.047199
0.010039
0.10904
0.13954
0.10532
0.052332
0.095633
0.036505
0.30353
0.15224
0.15216
0.14687
0.075294
0.11326
0.10621
0.1239
0.12638
0.15215
0.22047
0.33006
0.25433
0.16148
0.11191
0.11808
0.079653
0.10233
0.058234
0.069823
0.060171
0.10555
0.11234
0.070776
0.25254
0.3353
0.071578
0.11112
0.047074
0.044787
0.11097
0.20225
0.1211
0.13062
0.23771
0.29003
0.15168
0.21977
0.32903
0.25353
0.16097
0.11156
0.11771
0.079402
0.10201
0.1169
0.10493
0.18469
0.28881
0.15193
0.15689
0.14499
0.1206
0.034373
0.11077
0.046926
0.044646
0.11062
0.20161
0.12072
0.13021
0.23696
0.28912
0.28481
0.089634
0.19628
0.068654
0.02302
0.052302
0.15712
0.16032
0.1842
0.049548
0.044478
0.078284
0.12242
0.064396
0.066502
0.061458
0.05112
0.01457
0.71411
0.2301
0.079256
0.030168
0.06914
0.046569
0.025285
0.017545
0.04752
0.12072
0.037993
0.083197
0.0291
0.0097575
0.022169
0.0666
0.067952
0.078076
0.10524
0.038912
0.080487
0.066684
0.040803
0.043183
0.060564
0.27178
0.48471
0.25512
0.082205
0.028315
0.010778
0.024701
0.016637
0.0090336
0.0062683
0.016977
0.74506
0.17976
0.040648
0.00012724
0.0053975
0.013005
0.020534
0.035023
0.24031
0.037597
0.013902
0.028755
0.023824
0.014577
0.015428
0.021637
0.097099
0.17317
0.031628
0.036106
0.043262
0.1179
0.40913
0.13217
0.073983
0.15275
0.046836
0.35937
0.086703
0.019606
6.1374e-05
0.0026034
0.0062727
0.0099043
0.016893
0.11591
0.30526
0.094357
0.018214
0.013466
0.0055197
0.038451
0.090016
0.070295
0.35604
0.015255
0.017415
0.020867
0.056866
0.19734
0.063749
0.035684
0.073677
0.02259
0.47077
0.10392
0.024702
0.00073462
0.0050509
0.052604
0.037682
0.1985
0.52355
0.27681
0.085564
0.016516
0.012211
0.0050053
0.034868
0.081627
0.063744
0.32286
0.31379
0.15577
0.12993
0.16022
0.1104
0.03997
0.011185
0.12031
0.2455
0.4269
0.094236
0.0224
0.00066616
0.0045802
0.047702
0.034171
0.18
0.47476
0.13686
0.15967
0.11928
0.081249
0.034721
0.0037572
0.01805
0.083819
0.13778
0.26341
0.13077
0.10907
0.1345
0.09268
0.033554
0.0093892
0.101
0.20609
0.70808
0.17957
0.0098638
0
0.0019772
0.0035446
0.013782
0.010749
0.24748
0.11489
0.13403
0.10014
0.068206
0.029147
0.0031541
0.015152
0.070363
0.11566
0.29449
0.1227
0.064771
0.018727
0.013453
0.0094596
0.011843
0.046098
0.22723
0.72092
0.18283
0.010043
0
0.0020131
0.0036089
0.014032
0.010943
0.25196
0.2648
0.013288
0.0059302
0.00055609
0.0010166
0.0035613
0.0036127
0.0072548
0.26313
0.29983
0.12493
0.065945
0.019066
0.013697
0.0096311
0.012057
0.046933
0.23135
0.22247
0.0348
0.0054905
0.0035872
0.0072376
0.0012183
0.0022096
0.040261
0.15645
0.56797
0.028502
0.012719
0.0011927
0.0021806
0.0076385
0.0077487
0.01556
0.56439
0.019539
0.012704
0.0079505
0.005996
0.0062415
0.015017
0.025046
0.025939
0.021642
0.47716
0.074642
0.011776
0.007694
0.015524
0.002613
0.0047393
0.086354
0.33555
0.014506
0.010191
0.012289
0.017693
0.011737
0.0058907
0.0062087
0.0040633
0.0092826
0.21664
0.14085
0.088148
0.066479
0.0692
0.16649
0.27769
0.28759
0.23995
0.074271
0.075089
0.051158
0.16341
0.18811
0.27955
0.19036
0.16124
0.077243
0.16083
0.11299
0.13625
0.19616
0.13013
0.06531
0.068837
0.04505
0.10292
0.168
0.19304
0.32929
0.14528
0.13685
0.16834
0.13447
0.14699
0.18143
0.076901
0.077748
0.052969
0.1692
0.19477
0.28945
0.19711
0.16695
0.079978
0.055912
0.058821
0.01251
0.1359
0.1739
0.13126
0.065218
0.11918
0.045494
0.17395
0.19988
0.34095
0.15042
0.1417
0.1743
0.13923
0.1522
0.18785
0.045643
0.061667
0.2542
0.3077
0.29016
0.22344
0.16187
0.068299
0.031923
0.0551
0.066065
0.056933
0.099867
0.1063
0.066967
0.23895
0.31726
0.067726
0.10514
0.044541
0.042376
0.105
0.19136
0.11458
0.12359
0.22492
0.27442
0.10351
0.050855
0.076391
0.17573
0.3001
0.19484
0.12993
0.18658
0.15479
0.20635
0.11243
0.10647
0.22592
0.39341
0.18431
0.087247
0.091638
0.091908
0.099899
0.04232
0.040264
0.099766
0.18182
0.10887
0.11743
0.21371
0.26074
0.25686
0.080837
0.17702
0.061916
0.020761
0.047168
0.1417
0.14458
0.16612
0.19606
0.10682
0.10116
0.21466
0.3738
0.17512
0.082898
0.08707
0.087326
0.019923
0.0083488
0.062437
0.30211
0.40816
0.15535
0.17437
0.097002
0.023813
0.10572
0.033272
0.072859
0.025484
0.008545
0.019414
0.058324
0.059509
0.068375
0.09216
0.034077
0.070486
0.058398
0.035733
0.037817
0.053038
0.23801
0.42448
0.0082004
0.0034363
0.025699
0.12435
0.168
0.06394
0.071771
0.039926
0.0098015
0.57617
0.15278
0.029307
0.032407
0.13382
0.12407
0.045432
0.061807
0.50748
0.042351
0.01566
0.032391
0.026836
0.016421
0.017378
0.024373
0.10938
0.19506
0.035627
0.040672
0.048732
0.13281
0.46086
0.14888
0.083338
0.17207
0.052758
0.26477
0.070209
0.013468
0.014892
0.061496
0.057013
0.020877
0.028402
0.23321
0.31031
0.13857
0.014295
0.024301
0.0096966
0.037182
0.071494
0.17031
0.5985
0.016614
0.018966
0.022725
0.06193
0.21491
0.069427
0.038862
0.080239
0.024602
0.51269
0.11318
0.026902
0.00080004
0.0055007
0.057289
0.041038
0.21618
0.57017
0.14471
0.064618
0.0066663
0.011332
0.0045218
0.017339
0.03334
0.079421
0.2791
0.31921
0.12944
0.093856
0.060067
0.049641
0.050181
0.050191
0.074174
0.16506
0.48695
0.10749
0.025551
0.00075987
0.0052245
0.054413
0.038978
0.20533
0.54155
0.15611
0.18213
0.13607
0.092678
0.039606
0.0042858
0.020589
0.095611
0.15716
0.30319
0.12294
0.089144
0.057052
0.047149
0.047661
0.047671
0.07045
0.15677
0.097584
0.023276
0.034862
0.028624
0.010777
0.017799
0.089377
0.23104
0.24857
0.19205
0.22406
0.16739
0.11402
0.048724
0.0052726
0.02533
0.11762
0.19334
0.49229
0.20511
0.10827
0.031305
0.022489
0.015813
0.019797
0.07706
0.37986
0.12005
0.028635
0.042888
0.035214
0.013258
0.021898
0.10996
0.28424
0.3058
0.072208
0.051948
0.080488
0.076789
0.061854
0.093744
0.081531
0.2134
0.28049
0.53695
0.22372
0.1181
0.034145
0.024529
0.017248
0.021593
0.08405
0.41431
0.3984
0.062322
0.0098326
0.0064241
0.012961
0.0021817
0.003957
0.072101
0.28017
0.078758
0.056661
0.087789
0.083756
0.067465
0.10225
0.088927
0.23276
0.30593
0.0012252
0.0020949
0.0063487
0.026162
0.046224
0.026783
0.039009
0.13592
0.037432
0.75719
0.11845
0.018688
0.01221
0.024634
0.0041466
0.0075207
0.13703
0.53248
0.02302
0.016172
0.019501
0.028076
0.018625
0.0093478
0.0098525
0.006448
0.01473
0.0023285
0.0039816
0.012066
0.049723
0.087853
0.050904
0.07414
0.25834
0.071143
0.0057912
0.020436
0.025316
0.059585
0.10158
0.031608
0.0097786
0.0047764
0.0077094
0.1025
0.072012
0.086834
0.12502
0.082934
0.041624
0.043871
0.028712
0.065591
0.10707
0.12303
0.20986
0.092589
0.087217
0.10729
0.085698
0.093681
0.11563
0.025787
0.090996
0.11273
0.26532
0.45231
0.14075
0.043542
0.021269
0.034329
0.12747
0.16207
0.10091
0.30152
0.53881
0.16774
0.05119
0.045598
0.17585
0.094359
0.10842
0.18495
0.081597
0.076863
0.094551
0.075524
0.082559
0.1019
0.024759
0.033451
0.13789
0.16691
0.1574
0.1212
0.087806
0.037049
0.017317
0.11234
0.14283
0.088928
0.26572
0.47484
0.14783
0.045113
0.040185
0.15497
0.0074632
0.00026145
0.053227
0.1929
0.52139
0.28963
0.13569
0.039809
0.030118
0.032665
0.016049
0.024107
0.055455
0.094703
0.061487
0.041002
0.058881
0.048849
0.065119
0.035479
0.0336
0.071294
0.12415
0.058163
0.027533
0.028919
0.029004
0
0
0.009933
0.079384
0.46235
0.26116
0.035829
0.0064242
4.7912e-05
0
0
0
0.070898
0.7281
0.33518
0.067761
0
0
0.052104
0.028388
0.026884
0.057045
0.099337
0.046538
0.02203
0.023139
0.023207
0.0052946
0.0022187
0.016593
0.080287
0.10847
0.041283
0.046339
0.025778
0.0063284
0
0
0
0.056727
0.58258
0.26819
0.054217
0
0
0
0.00083735
0.013458
0.17585
0.70649
0.090113
0
0
0
0.00494
0.0020701
0.015481
0.074909
0.1012
0.038518
0.043235
0.024052
0.0059045
0.34709
0.092038
0.017655
0.019522
0.080616
0.074739
0.027368
0.037233
0.30571
0
0.00078126
0.012557
0.16407
0.65917
0.084077
0
0
0
0.0011458
0
0.0056215
0.10949
0.47326
0.17633
0.024723
0.04678
0.063676
0.23394
0.062035
0.0119
0.013158
0.054336
0.050375
0.018447
0.025096
0.20605
0.27418
0.12244
0.012631
0.021471
0.0085676
0.032853
0.06317
0.15048
0.52882
0.00077227
0
0.0037889
0.073798
0.31898
0.11885
0.016664
0.03153
0.042919
0.20206
0.017009
0.016767
0.0020172
0
0
0.004725
0.11635
0.56085
0.23072
0.10303
0.010629
0.018068
0.0072096
0.027645
0.053157
0.12663
0.445
0.50896
0.20638
0.14965
0.095773
0.079149
0.080009
0.080026
0.11826
0.26317
0.17003
0.014313
0.01411
0.0016974
0
0
0.003976
0.09791
0.47195
0.012072
0.013698
0.0082509
0.0025175
0.0068004
0.0092366
0.05144
0.099503
0.088052
0.36006
0.146
0.10587
0.067755
0.055994
0.056603
0.056614
0.083666
0.18618
0.11589
0.027643
0.041402
0.033993
0.012798
0.021139
0.10614
0.27439
0.2952
0.0085406
0.0096907
0.0058371
0.001781
0.004811
0.0065344
0.036391
0.070394
0.062292
0.36734
0.09616
0.014511
0.011764
0.018513
0.014725
0.026965
0.23442
0.616
0.11935
0.028467
0.042636
0.035007
0.01318
0.021769
0.10931
0.28257
0.30401
0.071783
0.051643
0.080014
0.076338
0.06149
0.093193
0.081051
0.21214
0.27884
0.3783
0.099027
0.014943
0.012115
0.019065
0.015164
0.027769
0.24141
0.63436
0.036609
0.030106
0.01227
0.037023
0.10867
0.049529
0.0089934
0.0056213
0.041396
0.1501
0.10799
0.16732
0.15963
0.12858
0.19487
0.16948
0.44361
0.58307
0.002335
0.0039927
0.0121
0.049861
0.088097
0.051046
0.074346
0.25905
0.071341
0.076551
0.062954
0.025658
0.077418
0.22724
0.10357
0.018806
0.011754
0.086562
0
0.00032982
0.018048
0.14916
0.2813
0.1134
0.014406
0
0
0.0036843
0.0062997
0.019091
0.078672
0.139
0.080542
0.1173
0.40874
0.11256
0.009163
0.032334
0.040055
0.094277
0.16072
0.050011
0.015472
0.0075574
0.012198
0
0.00052039
0.028477
0.23535
0.44384
0.17892
0.02273
0
0
0
0
0.020347
0.15298
0.62259
0.18947
0.025121
0
0
0.0093046
0.032833
0.040674
0.095734
0.1632
0.050784
0.015711
0.0076742
0.012387
0.045995
0.058479
0.03641
0.10879
0.19442
0.060526
0.01847
0.016453
0.06345
0
0
0.020662
0.15534
0.63222
0.19239
0.025509
0
0
0
0.0043765
0.024456
0.13388
0.61404
0.18985
0
0
0
0.048119
0.06118
0.038091
0.11382
0.20339
0.063321
0.019323
0.017213
0.06638
0.0031968
0.00011199
0.022799
0.082625
0.22333
0.12406
0.058122
0.017052
0.012901
0
0.0045787
0.025585
0.14007
0.64239
0.19862
0
0
0
0
0
0.0013331
0.073641
0.58222
0.18785
0.022701
0
0
0
0
0.0049444
0.039516
0.23015
0.13
0.017835
0.0031978
2.3849e-05
0
0
0
0.035291
0.36243
0.16684
0.03373
0
0
0
0
0
0.080795
0.65933
0.23346
0.017335
0.0018697
0
0.0037166
0.014555
0.027485
0.20232
0.37967
0.28631
0.047318
0.017312
0.0035266
0
0
0
0.03077
0.316
0.14547
0.029408
0
0
0
0.00045419
0.0073
0.095384
0.38321
0.048878
0
0
0
0.0032404
0.01269
0.023964
0.1764
0.33102
0.24962
0.041256
0.015094
0.0030748
0.012067
0.0096776
0.018753
0.077366
0.69883
0.1345
0.00792
0.0015017
0.0017124
0
0.00043606
0.0070086
0.091577
0.36792
0.046927
0
0
0
0.00063951
0
0.0031376
0.061112
0.26415
0.098421
0.013799
0.02611
0.035541
0.011586
0.0092914
0.018005
0.074278
0.67093
0.12913
0.0076039
0.0014417
0.001644
0.014468
0.019623
0.032719
0.14316
0.50087
0.050317
0.08251
0.11317
0.022889
0.00073664
0
0.0036141
0.070393
0.30427
0.11337
0.015895
0.030076
0.040939
0.19274
0.016224
0.015994
0.0019241
0
0
0.004507
0.11098
0.53497
0.016665
0.022603
0.037688
0.16491
0.57694
0.057959
0.095041
0.13036
0.026365
0.20904
0.15305
0.17594
0.09591
0.057915
0.090254
0.016045
0.065454
0.18681
0.17008
0.014318
0.014114
0.001698
0
0
0.0039773
0.097941
0.4721
0.012076
0.013702
0.0082535
0.0025183
0.0068026
0.0092395
0.051456
0.099535
0.08808
0.18447
0.13506
0.15526
0.084638
0.051109
0.079646
0.014159
0.057761
0.16485
0.021305
0.046924
0.19895
0.71593
0.13714
0.080186
0.082169
0.051761
0.068273
0.0078981
0.0089617
0.005398
0.001647
0.0044491
0.0060428
0.033653
0.065098
0.057607
0.33971
0.088926
0.013419
0.010879
0.01712
0.013617
0.024936
0.21679
0.56966
0.013934
0.03069
0.13012
0.46823
0.089691
0.052444
0.053741
0.033853
0.044652
0.27157
0.12019
0.12337
0.22375
0.055732
0.10826
0.083924
0.1318
0.21911
0.34412
0.090081
0.013593
0.011021
0.017342
0.013794
0.02526
0.2196
0.57705
0.033301
0.027386
0.011162
0.033678
0.098854
0.045054
0.0081808
0.0051134
0.037656
0.2751
0.12175
0.12497
0.22665
0.056455
0.10967
0.085013
0.13351
0.22195
0.0023814
0
0.005138
0.085809
0.45392
0.11768
0.0087588
0.00091256
0.0013566
0.044267
0.036404
0.014837
0.044768
0.1314
0.05989
0.010875
0.0067972
0.050055
0
0.00019072
0.010437
0.086253
0.16266
0.065573
0.0083303
0
0
0.0031656
0
0.0068298
0.11406
0.60339
0.15642
0.011643
0.0012131
0.0018033
0.00032083
0.0017379
0.0021443
0.14731
0.71253
0.03764
0.0015173
0
0
0
0.00017591
0.0096264
0.079556
0.15003
0.060482
0.0076835
0
0
0
0
0.0068782
0.051712
0.21046
0.064047
0.0084919
0
0
0.00029592
0.001603
0.0019779
0.13587
0.65721
0.034717
0.0013995
0
0
0.0012234
0.00067797
0.010069
0.058013
0.66749
0.12395
0.013109
0.0019385
0.0014077
0
0
0.00683
0.051349
0.20898
0.063598
0.0084323
0
0
0
0.0014467
0.0080841
0.044256
0.20297
0.062756
0
0
0
0.0012148
0.00067322
0.009998
0.057606
0.66281
0.12308
0.013017
0.0019249
0.0013978
0.0011979
0.0006416
0.0054893
0.11692
0.64713
0.10858
0.0019425
0.00060425
0.0054693
0
0.0015503
0.0086629
0.047425
0.21751
0.06725
0
0
0
0
0
0.00045137
0.024934
0.19713
0.063604
0.0076863
0
0
0.0012837
0.00068754
0.0058823
0.12529
0.69346
0.11635
0.0020816
0.00064752
0.0058609
0
0.0049306
0.0079139
0.060555
0.61129
0.11952
0.018092
0.0022786
0
0
0
0
0.087921
0.71749
0.25406
0.018865
0.0020346
0
0.0040444
0.015839
0.029909
0.22016
0.41316
0.31156
0.051492
0.018839
0.0038377
0.014282
0.025193
0.026689
0.068235
0.14214
0.057746
0.019975
0.010904
0.005806
0.015472
0.017317
0.031714
0.11211
0.16464
0.14001
0.0267
0.015972
0.0077625
0.0036708
0.014376
0.027146
0.19982
0.37499
0.28278
0.046735
0.017099
0.0034831
0.01367
0.010963
0.021244
0.087641
0.79164
0.15236
0.0089718
0.0017011
0.0019398
0.014043
0.015717
0.028785
0.10176
0.14943
0.12708
0.024234
0.014497
0.0070454
0.052275
0.030291
0.020617
0.036683
0.085297
0.046856
0.030387
0.054468
0.088779
0.010943
0.0087761
0.017006
0.070159
0.63373
0.12197
0.0071822
0.0013618
0.0015529
0.013666
0.018535
0.030904
0.13522
0.4731
0.047527
0.077934
0.10689
0.02162
0.041848
0.024249
0.016504
0.029366
0.068283
0.037509
0.024326
0.043603
0.07107
0.17976
0.032037
0.050522
0.06161
0.14821
0.090966
0.1273
0.25209
0.38401
0.014413
0.019549
0.032595
0.14262
0.49898
0.050127
0.082198
0.11274
0.022802
0.18079
0.13237
0.15216
0.082949
0.050089
0.078058
0.013876
0.056609
0.16156
0.1896
0.03379
0.053286
0.064981
0.15632
0.095942
0.13427
0.26588
0.40501
0.042517
0.0065646
0.099249
0.25667
0.1116
0.11882
0.37848
0.085027
0.054837
0.15926
0.1166
0.13405
0.073072
0.044124
0.068762
0.012224
0.049868
0.14232
0.018393
0.040512
0.17176
0.61809
0.1184
0.069229
0.07094
0.044688
0.058943
0.037454
0.0057829
0.087431
0.22611
0.098313
0.10467
0.33341
0.074902
0.048307
0.17534
0.26649
0.25976
0.25389
0.092587
0.050235
0.040314
0.023593
0.13574
0.01484
0.032685
0.13858
0.49868
0.095524
0.055854
0.057235
0.036055
0.047556
0.28923
0.12801
0.13139
0.2383
0.059356
0.1153
0.089381
0.14037
0.23335
0.14147
0.215
0.20957
0.20484
0.0747
0.04053
0.032525
0.019035
0.10951
0.0095041
0.10576
0.44121
0.22551
0.094442
0.013034
0.004643
0.0033159
0.002021
0.27148
0.12015
0.12333
0.22368
0.055713
0.10823
0.083896
0.13176
0.21903
0.0023501
0
0.0050704
0.084681
0.44796
0.11613
0.0086437
0.00090057
0.0013388
0.0089208
0.099273
0.41413
0.21167
0.088646
0.012234
0.0043581
0.0031124
0.0018969
0.024948
0.16614
0.37266
0.339
0.14385
0.013553
0.010626
0.0010685
0.026542
0.0025801
0
0.0055666
0.092968
0.49179
0.12749
0.0094895
0.0009887
0.0014698
0.00026149
0.0014165
0.0017477
0.12007
0.58075
0.030678
0.0012366
0
0
0.02739
0.1824
0.40913
0.37217
0.15793
0.01488
0.011666
0.001173
0.029139
0.0088316
0.017616
0.026953
0.06476
0.035051
0.082347
0.023335
0.02313
0.0045969
0.00030535
0.001654
0.0020408
0.1402
0.67814
0.035823
0.001444
0
0
0.0012624
0.00069956
0.010389
0.05986
0.68875
0.12789
0.013527
0.0020002
0.0014525
0.010313
0.02057
0.031473
0.07562
0.040929
0.096156
0.027248
0.027009
0.0053678
0.011537
0.011291
0.042206
0.03589
0.021415
0.020355
0.024085
0.010409
0.0041553
0.0012713
0.00070454
0.010463
0.060286
0.69365
0.1288
0.013623
0.0020144
0.0014629
0.0012537
0.00067145
0.0057447
0.12236
0.67724
0.11363
0.0020329
0.00063236
0.0057237
0.01162
0.011372
0.042507
0.036145
0.021567
0.0205
0.024257
0.010483
0.0041849
0.007163
0.012747
0.022076
0.045671
0.052178
0.032962
0.0093384
0.0054906
0.0053034
0.0013431
0.00071936
0.0061546
0.13109
0.72556
0.12174
0.002178
0.00067748
0.0061321
0
0.0051588
0.0082801
0.063358
0.63958
0.12506
0.018929
0.0023841
0
0.007674
0.013657
0.023651
0.04893
0.055901
0.035314
0.010005
0.0058823
0.0056818
0.0018752
0.0054825
0.0085159
0.042616
0.032767
0.024482
0.0279
0.01244
0.0060168
0.0297
0.052389
0.0555
0.1419
0.29559
0.12008
0.041539
0.022675
0.012074
0.032175
0.036012
0.065951
0.23314
0.34238
0.29116
0.055524
0.033215
0.016142
0.049012
0.017249
0.083907
0.23964
0.18627
0.1005
0.10804
0.049268
0.047573
0.028485
0.048952
0.14401
0.26636
0.53167
0.28151
0.1164
0.051226
0.013645
0.029328
0.032825
0.060116
0.21252
0.31209
0.2654
0.050611
0.030276
0.014714
0.10918
0.063263
0.043057
0.076612
0.17814
0.097858
0.063462
0.11375
0.18541
0.025965
0.044621
0.13127
0.2428
0.48463
0.2566
0.1061
0.046693
0.012438
0.086509
0.1689
0.20251
0.22776
0.17336
0.1501
0.26855
0.10465
0.061336
0.033146
0.019207
0.013072
0.02326
0.054084
0.02971
0.019267
0.034536
0.056292
0.14238
0.025376
0.040017
0.048799
0.11739
0.072051
0.10083
0.19967
0.30416
0.026265
0.051279
0.061482
0.069148
0.052632
0.04557
0.081534
0.031774
0.018622
0.58087
0.076773
0.035953
0.082336
0.035477
0.00058593
0.016907
0.092683
0.64546
0.13302
0.023706
0.037384
0.045589
0.10967
0.06731
0.094199
0.18653
0.28415
0.029829
0.0046055
0.069631
0.18008
0.078297
0.083363
0.26553
0.059653
0.038472
0.54265
0.071722
0.033587
0.076919
0.033143
0.00054738
0.015795
0.086585
0.60299
0.016735
0.015548
0.050223
0.13267
0.062702
0.038782
0.063806
0.028556
0.020496
0.035257
0.0054437
0.082302
0.21285
0.092546
0.098534
0.31385
0.070509
0.045473
0.16506
0.25085
0.24452
0.239
0.087156
0.047288
0.037949
0.022209
0.12778
0.019781
0.018378
0.059363
0.15682
0.074113
0.04584
0.075418
0.033753
0.024226
0.41509
0.097729
0.020396
0.061172
0.073066
0.082244
0.19044
0.42571
0.35805
0.13164
0.20006
0.19501
0.19061
0.06951
0.037714
0.030266
0.017712
0.10191
0.0088438
0.098416
0.41056
0.20984
0.08788
0.012128
0.0043204
0.0030855
0.0018805
0.33105
0.077942
0.016266
0.048787
0.058272
0.065592
0.15188
0.33952
0.28556
0.18938
0.28798
0.05201
0.041521
0.0342
0.056375
0.13798
0.14515
0.32647
0.0087536
0.097412
0.40637
0.2077
0.086984
0.012004
0.0042763
0.003054
0.0018614
0.024481
0.16302
0.36567
0.33264
0.14115
0.013299
0.010427
0.0010484
0.026044
0.18745
0.28504
0.051479
0.041098
0.033851
0.0558
0.13657
0.14367
0.32314
0.096395
0.07099
0.037268
0.056853
0.044463
0.016173
0.028811
0.26064
0.3512
0.033464
0.22284
0.49986
0.4547
0.19295
0.018179
0.014253
0.0014331
0.035601
0.01079
0.021523
0.032931
0.079122
0.042824
0.10061
0.028509
0.028259
0.0056164
0.13177
0.09704
0.050944
0.077716
0.060778
0.022107
0.039384
0.35628
0.48007
0.03129
0.026522
0.027345
0.063703
0.1422
0.051263
0.023312
0.029008
0.052739
0.039863
0.079514
0.12166
0.29231
0.15821
0.37169
0.10532
0.1044
0.020749
0.044597
0.043646
0.16315
0.13873
0.082778
0.078681
0.0931
0.040234
0.016062
0.1156
0.097984
0.10102
0.23534
0.52532
0.18939
0.086123
0.10717
0.19484
0.028965
0.09593
0.13125
0.171
0.26651
0.19642
0.069216
0.049762
0.04757
0.049688
0.048629
0.18177
0.15457
0.092228
0.087664
0.10373
0.044827
0.017896
0.030631
0.054511
0.094402
0.1953
0.22313
0.14096
0.039934
0.023479
0.022679
0.032272
0.10688
0.14623
0.19052
0.29693
0.21884
0.077118
0.055443
0.053001
0.066251
0.10054
0.090843
0.3303
0.60946
0.22759
0.023706
0.066804
0.086692
0.032399
0.057658
0.099851
0.20658
0.23601
0.14909
0.042239
0.024835
0.023988
0.0079167
0.023147
0.035954
0.17992
0.13834
0.10336
0.11779
0.052523
0.025403
0.070075
0.10634
0.096087
0.34937
0.64464
0.24073
0.025074
0.070661
0.091696
0.023392
0.072624
0.08566
0.14288
0.16916
0.19459
0.19695
0.071224
0.041694
0.031709
0.01116
0.054284
0.15504
0.12051
0.065018
0.069894
0.031874
0.030777
0.018429
0.031669
0.093168
0.17232
0.34396
0.18212
0.075305
0.033141
0.0088276
0.017275
0.027434
0.092604
0.24019
0.46518
0.27546
0.10788
0.020188
0.019308
0.034647
0.038311
0.067199
0.34753
0.43895
0.18341
0.14286
0.029726
0.025767
0.020104
0.034549
0.10164
0.18799
0.37524
0.19868
0.082151
0.036154
0.0096302
0.066982
0.13078
0.1568
0.17635
0.13423
0.11622
0.20794
0.081032
0.047491
0.037798
0.041794
0.073309
0.37912
0.47886
0.20009
0.15585
0.032429
0.02811
0.036108
0.09391
0.060473
0.23343
0.19607
0.18768
0.10341
0.053194
0.015182
0.028265
0.055185
0.066164
0.074415
0.056641
0.049041
0.087744
0.034194
0.02004
0.62511
0.082621
0.038691
0.088608
0.038179
0.00063056
0.018195
0.099743
0.69462
0.015237
0.039628
0.025518
0.098502
0.082736
0.079196
0.043637
0.022447
0.0064063
0.039165
0.064292
0.10655
0.092676
0.083914
0.054397
0.048247
0.048693
0.046324
0.62158
0.082155
0.038473
0.088107
0.037964
0.000627
0.018092
0.09918
0.6907
0.019169
0.01781
0.057528
0.15197
0.071822
0.044423
0.073087
0.03271
0.023478
0.038944
0.063929
0.10595
0.092153
0.08344
0.054089
0.047974
0.048418
0.046062
0.011713
0.029399
0.036348
0.078128
0.10037
0.072686
0.016419
0.038799
0.015831
0.022968
0.021339
0.068928
0.18209
0.086056
0.053226
0.08757
0.039192
0.02813
0.48198
0.11348
0.023682
0.071029
0.084839
0.095496
0.22113
0.49431
0.41574
0.014035
0.035225
0.043551
0.09361
0.12026
0.087091
0.019672
0.046488
0.018968
0.075024
0.039909
0.096822
0.1323
0.15458
0.1105
0.19446
0.2442
0.054627
0.34436
0.081075
0.01692
0.050748
0.060615
0.068229
0.15799
0.35317
0.29704
0.19699
0.29955
0.0541
0.04319
0.035575
0.058641
0.14352
0.15099
0.3396
0.053602
0.028513
0.069176
0.094527
0.11044
0.078947
0.13893
0.17447
0.039029
0.0069786
0.096951
0.090165
0.11238
0.35034
0.24366
0.048688
0.10486
0.12727
0.20973
0.31892
0.057599
0.045983
0.037875
0.062433
0.1528
0.16075
0.36156
0.10785
0.07943
0.041699
0.063612
0.049748
0.018095
0.032236
0.29163
0.39295
0.0074299
0.10322
0.095995
0.11965
0.37299
0.25942
0.051836
0.11164
0.1355
0.044351
0.030512
0.029695
0.054691
0.060902
0.074936
0.16954
0.23974
0.14183
0.16576
0.12207
0.064086
0.097764
0.076457
0.02781
0.049543
0.4482
0.60391
0.039362
0.033364
0.034399
0.080137
0.17888
0.064487
0.029325
0.036491
0.066344
0.068162
0.046893
0.045638
0.084053
0.093598
0.11517
0.26056
0.36845
0.21797
0.021201
0.052905
0.081263
0.049082
0.04359
0.058331
0.049821
0.071838
0.043493
0.11302
0.095797
0.098767
0.23009
0.5136
0.18516
0.0842
0.10477
0.19049
0.028319
0.093789
0.12832
0.16718
0.26056
0.19203
0.067672
0.048652
0.046509
0.060873
0.1519
0.23332
0.14093
0.12516
0.16748
0.14305
0.20626
0.12488
0.03812
0.047991
0.068178
0.16624
0.31584
0.15663
0.085231
0.060144
0.020751
0.029905
0.099042
0.1355
0.17655
0.27515
0.20279
0.071462
0.051377
0.049113
0.061392
0.093165
0.08418
0.30607
0.56476
0.2109
0.021967
0.061904
0.080333
0.040255
0.050678
0.071997
0.17555
0.33353
0.16541
0.090005
0.063512
0.021914
0.083612
0.081619
0.14632
0.23035
0.10477
0.097485
0.14602
0.056523
0.028894
0.062875
0.095417
0.086215
0.31347
0.57841
0.216
0.022498
0.063401
0.082274
0.020988
0.065162
0.076859
0.1282
0.15178
0.1746
0.17671
0.063906
0.03741
0.085632
0.083591
0.14986
0.23591
0.1073
0.099841
0.14955
0.057889
0.029593
0.13127
0.088743
0.25782
0.13634
0.20504
0.11495
0.097359
0.16099
0.17362
0.018434
0.029275
0.098818
0.25631
0.4964
0.29395
0.11512
0.021543
0.020603
0.036973
0.040882
0.071709
0.37085
0.46841
0.19572
0.15245
0.031721
0.027497
0.049698
0.03794
0.090356
0.084587
0.054405
0.15587
0.067788
0.043556
0.033091
0.042887
0.098043
0.08881
0.15299
0.12825
0.16706
0.073232
0.023622
0.029351
0.043478
0.048075
0.084327
0.4361
0.55083
0.23016
0.17927
0.037303
0.032335
0.041534
0.10802
0.069561
0.26851
0.22553
0.21588
0.11895
0.061188
0.017463
0.050433
0.11529
0.10444
0.17991
0.15081
0.19645
0.086118
0.027778
0.034516
0.066209
0.049206
0.064625
0.077308
0.064777
0.08962
0.16177
0.10325
0.075486
0.049105
0.12771
0.08224
0.31745
0.26664
0.25523
0.14063
0.072341
0.020646
0.12622
0.2072
0.34339
0.29868
0.27044
0.17531
0.15549
0.15693
0.14929
0.078277
0.058175
0.076405
0.091399
0.076584
0.10595
0.19125
0.12206
0.089245
0.036954
0.14338
0.14623
0.12875
0.16392
0.21744
0.1439
0.10704
0.068432
0.11312
0.1857
0.30776
0.26768
0.24238
0.15712
0.13936
0.14064
0.1338
0.034025
0.085397
0.10558
0.22694
0.29156
0.21114
0.047693
0.1127
0.045986
0.03312
0.1285
0.13105
0.11539
0.14691
0.19488
0.12896
0.095932
0.061331
0.03809
0.027324
0.08818
0.2954
0.31311
0.19363
0.2366
0.04442
0.0079861
0.024624
0.061801
0.076409
0.16424
0.211
0.1528
0.034515
0.081562
0.03328
0.13163
0.070019
0.16987
0.23213
0.27121
0.19387
0.34118
0.42845
0.095843
0.027565
0.019774
0.063815
0.21378
0.2266
0.14013
0.17123
0.032146
0.0057795
0.011582
0.015312
0.072479
0.21176
0.35036
0.15822
0.075715
0.0548
0.037506
0.086107
0.045804
0.11113
0.15185
0.17742
0.12682
0.22318
0.28027
0.062697
0.011211
0.15574
0.14484
0.18053
0.56278
0.39142
0.078212
0.16845
0.20445
0.0075764
0.010016
0.047413
0.13852
0.22919
0.1035
0.04953
0.035848
0.024535
0.039539
0.027266
0.075918
0.14058
0.1335
0.070869
0.06392
0.076677
0.035099
0.011079
0.15391
0.14314
0.17841
0.55618
0.38682
0.077294
0.16648
0.20205
0.066132
0.045497
0.044279
0.08155
0.090812
0.11174
0.2528
0.35748
0.21148
0.039074
0.026945
0.075027
0.13893
0.13193
0.070037
0.063169
0.075777
0.034687
0.037361
0.070806
0.1209
0.093789
0.080948
0.12837
0.045102
0.046955
0.025665
0.10884
0.074876
0.072871
0.13421
0.14945
0.18389
0.41605
0.58831
0.34805
0.033852
0.084476
0.12976
0.078372
0.069602
0.093139
0.079552
0.11471
0.069448
0.061486
0.11653
0.19898
0.15435
0.13322
0.21127
0.074227
0.077275
0.042237
0.029242
0.064747
0.094492
0.058716
0.057286
0.07103
0.057955
0.071899
0.05417
0.068784
0.17164
0.26364
0.15924
0.14142
0.18925
0.16164
0.23307
0.14111
0.043073
0.054227
0.077038
0.18784
0.35688
0.17699
0.096307
0.067959
0.023448
0.059416
0.13156
0.192
0.1193
0.1164
0.14432
0.11776
0.14609
0.11007
0.070772
0.123
0.32791
0.25455
0.27644
0.24978
0.036623
0.043447
0.086537
0.036733
0.046245
0.065698
0.16019
0.30435
0.15093
0.08213
0.057956
0.019996
0.076296
0.074478
0.13352
0.21019
0.095605
0.088956
0.13324
0.051578
0.026366
0.060354
0.10489
0.27964
0.21708
0.23575
0.21301
0.031232
0.037051
0.073799
0.01893
0.047617
0.03793
0.13376
0.4776
0.43111
0.18499
0.065665
0.076963
0.076334
0.074515
0.13359
0.2103
0.095652
0.089
0.13331
0.051603
0.026379
0.11701
0.079107
0.22983
0.12154
0.18277
0.10247
0.086787
0.14351
0.15477
0.018939
0.04764
0.037948
0.13382
0.47784
0.43132
0.18508
0.065697
0.077001
0.069252
0.044572
0.027778
0.10253
0.20029
0.23688
0.26559
0.16798
0.10456
0.096814
0.073909
0.17602
0.16478
0.10598
0.30365
0.13206
0.084849
0.064464
0.083546
0.19099
0.17301
0.29803
0.24983
0.32544
0.14266
0.046017
0.057178
0.139
0.15761
0.13512
0.19318
0.16264
0.18302
0.096799
0.13158
0.071864
0.071343
0.11347
0.1654
0.11742
0.33758
0.21198
0.070257
0.13154
0.082168
0.075683
0.17302
0.15672
0.26998
0.22631
0.29481
0.12923
0.041685
0.051796
0.099357
0.073841
0.096981
0.11601
0.097208
0.13449
0.24276
0.15494
0.11328
0.064628
0.10279
0.14983
0.10637
0.3058
0.19203
0.063644
0.11916
0.074434
0.043554
0.076414
0.21063
0.31816
0.36304
0.22657
0.061352
0.056694
0.0044024
0.10032
0.074558
0.097922
0.11714
0.098152
0.13579
0.24512
0.15644
0.11438
0.047361
0.18376
0.18741
0.165
0.21008
0.27868
0.18442
0.13718
0.087704
0.043977
0.077156
0.21268
0.32125
0.36656
0.22877
0.061948
0.057245
0.0044452
0.038243
0.17926
0.16343
0.14573
0.14658
0.21783
0.14962
0.093465
0.15139
0.042414
0.16456
0.16783
0.14777
0.18814
0.24957
0.16516
0.12285
0.078543
0.04878
0.034993
0.11293
0.3783
0.40099
0.24797
0.303
0.056886
0.010227
0.034249
0.16054
0.14636
0.13051
0.13127
0.19507
0.13399
0.083702
0.13558
0.10783
0.059616
0.12379
0.10507
0.10883
0.177
0.14251
0.1308
0.10882
0.039317
0.028205
0.091021
0.30491
0.3232
0.19987
0.24422
0.045851
0.0082434
0.016519
0.021839
0.10338
0.30204
0.49972
0.22567
0.10799
0.078163
0.053496
0.086913
0.048051
0.09978
0.084687
0.087716
0.14267
0.11487
0.10543
0.087707
0.26405
0.22801
0.081221
0.071168
0.072625
0.045605
0.068345
0.12392
0.13579
0.015595
0.020618
0.097597
0.28514
0.47177
0.21305
0.10195
0.073791
0.050504
0.081387
0.056124
0.15627
0.28938
0.27479
0.14588
0.13157
0.15783
0.072249
0.24928
0.21526
0.076678
0.067187
0.068563
0.043054
0.064522
0.11699
0.12819
0.064722
0.026641
0.031117
0.25121
0.19393
0.25178
0.11813
0.074887
0.10362
0.086714
0.059798
0.1665
0.30832
0.29278
0.15543
0.14019
0.16816
0.076978
0.082912
0.15713
0.26831
0.20814
0.17964
0.28488
0.10009
0.1042
0.056955
0.068958
0.028385
0.033153
0.26766
0.20663
0.26826
0.12586
0.079789
0.1104
0.050646
0.13158
0.16509
0.089442
0.17181
0.28825
0.11914
0.062657
0.068898
0.081893
0.1552
0.26502
0.20558
0.17743
0.28138
0.098861
0.10292
0.056255
0.038947
0.086236
0.12585
0.078203
0.076298
0.094604
0.07719
0.095762
0.072149
0.050024
0.12996
0.16306
0.088343
0.1697
0.28471
0.11767
0.061887
0.068051
0.027133
0.081124
0.084971
0.26759
0.4395
0.43209
0.057585
0.022411
0.027069
0.034488
0.076363
0.11144
0.06925
0.067563
0.083773
0.068352
0.084798
0.063889
0.04108
0.071393
0.19034
0.14775
0.16046
0.14499
0.021258
0.025219
0.050231
0.024027
0.071836
0.075243
0.23695
0.38918
0.38262
0.050992
0.019845
0.02397
0.070777
0.071376
0.071822
0.11402
0.59247
0.27616
0.0527
0.05354
0.053329
0.038344
0.066639
0.17766
0.13791
0.14978
0.13533
0.019842
0.023539
0.046886
0.012026
0.030252
0.024097
0.084978
0.30343
0.27389
0.11753
0.041718
0.048896
0.066063
0.066623
0.067039
0.10643
0.55301
0.25777
0.04919
0.049975
0.049778
0.039413
0.038836
0.039441
0.14523
0.42288
0.2936
0.042201
0.078094
0.053067
0.010775
0.027103
0.021589
0.076134
0.27185
0.24538
0.1053
0.037376
0.043807
0.039399
0.025357
0.015803
0.058329
0.11395
0.13476
0.1511
0.095564
0.059484
0.035311
0.034794
0.035336
0.13012
0.37887
0.26304
0.037809
0.069966
0.047544
0.0050075
0.016007
0.024096
0.16635
0.66984
0.20317
0.10326
0.026709
0.0072205
0.098419
0.11159
0.09567
0.13678
0.11515
0.12958
0.068537
0.093162
0.050882
0.050514
0.080339
0.11711
0.083138
0.23902
0.15009
0.049745
0.093137
0.058178
0.080406
0.079364
0.065834
0.17612
0.35314
0.21407
0.18996
0.053714
0.010818
0.039564
0.02653
0.093782
0.24175
0.48847
0.41562
0.15959
0.098659
0.079809
0.035178
0.055948
0.081555
0.057898
0.16645
0.10452
0.034643
0.064862
0.040516
0.023707
0.041593
0.11465
0.17318
0.19761
0.12333
0.033395
0.030859
0.0023963
0.027553
0.018476
0.065311
0.16835
0.34018
0.28944
0.11114
0.068707
0.05558
0.040977
0.0039646
0.047601
0.35575
0.58899
0.29448
0.12912
0.02509
0.058121
0.023079
0.040491
0.11161
0.16859
0.19237
0.12006
0.032509
0.030041
0.0023328
0.02007
0.094073
0.085768
0.076478
0.076923
0.11431
0.078519
0.049049
0.079449
0.039891
0.0038595
0.046339
0.34632
0.57337
0.28667
0.12569
0.024425
0.05658
0.048588
0.055413
0.05173
0.21294
0.38975
0.23206
0.1402
0.068592
0.097205
0.024924
0.11683
0.10651
0.094975
0.095528
0.14196
0.09751
0.060912
0.098664
0.078472
0.043384
0.090088
0.076462
0.079196
0.12881
0.10371
0.095186
0.079188
0.06034
0.068815
0.064241
0.26444
0.48402
0.28818
0.17411
0.085181
0.12072
0.060939
0.049133
0.12552
0.21447
0.41462
0.31895
0.2046
0.07468
0.036315
0.084744
0.046852
0.097289
0.082573
0.085526
0.13911
0.112
0.10279
0.085518
0.25746
0.22232
0.079194
0.069391
0.070812
0.044467
0.066639
0.12083
0.1324
0.06581
0.05306
0.13556
0.23162
0.44776
0.34445
0.22096
0.080649
0.039217
0.26599
0.20702
0.21344
0.13086
0.15714
0.18504
0.17658
0.092384
0.12957
0.24197
0.20894
0.074427
0.065215
0.066551
0.041791
0.062628
0.11356
0.12443
0.062822
0.025859
0.030203
0.24384
0.18824
0.24439
0.11466
0.072689
0.10058
0.24999
0.19456
0.2006
0.12298
0.14769
0.1739
0.16595
0.086824
0.12178
0.21675
0.10978
0.16335
0.20484
0.20141
0.15368
0.22451
0.2217
0.3343
0.051945
0.021382
0.024974
0.20162
0.15565
0.20207
0.094808
0.060104
0.083162
0.038151
0.099117
0.12436
0.067375
0.12942
0.21713
0.089743
0.047198
0.051899
0.17922
0.090769
0.13507
0.16938
0.16654
0.12707
0.18563
0.18331
0.27642
0.023442
0.023945
0.080738
0.34366
0.56578
0.18609
0.063356
0.043749
0.027998
0.033235
0.086345
0.10833
0.058693
0.11274
0.18915
0.078179
0.041116
0.045211
0.018026
0.053897
0.056453
0.17778
0.29199
0.28707
0.038258
0.014889
0.017984
0.020421
0.020859
0.070334
0.29937
0.49287
0.16211
0.055192
0.038112
0.02439
0.024509
0.025969
0.066542
0.20234
0.51344
0.15504
0.067147
0.039024
0.012763
0.017125
0.051202
0.05363
0.16889
0.27739
0.27272
0.036345
0.014145
0.017085
0.050447
0.050875
0.051192
0.081271
0.42229
0.19684
0.037563
0.038162
0.038011
0.023284
0.024671
0.063216
0.19223
0.48778
0.14729
0.06379
0.037073
0.012125
0.036663
0.082991
0.18407
0.18659
0.36694
0.21281
0.094894
0.020857
0.056454
0.056423
0.056901
0.057256
0.090898
0.47231
0.22015
0.042012
0.042682
0.042514
0.033661
0.033169
0.033685
0.12404
0.36117
0.25075
0.036043
0.066698
0.045323
0.041006
0.092822
0.20587
0.20869
0.41041
0.23802
0.10613
0.023328
0.063141
0.06297
0.027177
0.026349
0.077529
0.19463
0.18884
0.19746
0.15136
0.035381
0.034454
0.033949
0.034478
0.12696
0.36967
0.25666
0.036891
0.068268
0.04639
0.0048859
0.015619
0.023511
0.16231
0.65358
0.19824
0.10075
0.02606
0.0070453
0.064453
0.027816
0.02697
0.079354
0.19921
0.19329
0.20211
0.15493
0.036214
0.060595
0.060701
0.044756
0.14158
0.18556
0.1009
0.16906
0.077023
0.038097
0.077566
0.076562
0.063509
0.1699
0.34067
0.20651
0.18326
0.051817
0.010436
0.038167
0.025594
0.09047
0.23321
0.47122
0.40094
0.15396
0.095175
0.07699
0.033031
0.043695
0.072106
0.1704
0.14338
0.11186
0.022292
0.093781
0.037539
0.068272
0.038208
0.1979
0.15056
0.17692
0.083539
0.13806
0.21433
0.14743
0.02724
0.018267
0.06457
0.16645
0.33632
0.28616
0.10988
0.067928
0.05495
0.040513
0.0039197
0.047061
0.35172
0.58231
0.29114
0.12765
0.024806
0.057462
0.048727
0.02727
0.14124
0.10746
0.12627
0.059623
0.098537
0.15297
0.10522
0.0083142
0.094464
0.11455
0.090712
0.13774
0.14595
0.087235
0.058744
0.026964
0.039351
0.0038073
0.045712
0.34164
0.56561
0.28279
0.12399
0.024094
0.055814
0.04793
0.054662
0.05103
0.21005
0.38448
0.22892
0.13831
0.067663
0.095889
0.0080757
0.091754
0.11127
0.08811
0.13379
0.14177
0.084733
0.057059
0.026191
0.20677
0.093271
0.10345
0.039099
0.084111
0.030087
0.055561
0.074459
0.13228
0.056111
0.063992
0.059739
0.2459
0.45009
0.26798
0.16191
0.079211
0.11225
0.056668
0.04569
0.11673
0.19944
0.38556
0.2966
0.19026
0.069446
0.033769
0.24206
0.10919
0.12111
0.045772
0.098466
0.035221
0.065044
0.087166
0.15486
0.095425
0.052646
0.080263
0.095759
0.06245
0.16018
0.11328
0.18756
0.18071
0.064052
0.051643
0.13193
0.22543
0.4358
0.33524
0.21505
0.078494
0.038169
0.25889
0.20148
0.20774
0.12736
0.15294
0.18009
0.17186
0.089915
0.12611
0.10786
0.059505
0.09072
0.10824
0.070587
0.18105
0.12803
0.212
0.20426
0.11585
0.14005
0.077747
0.03562
0.077337
0.099746
0.11538
0.19056
0.10317
0.24668
0.19198
0.19795
0.12136
0.14573
0.1716
0.16376
0.085676
0.12017
0.21389
0.10832
0.1612
0.20214
0.19875
0.15165
0.22154
0.21877
0.32988
0.11039
0.13345
0.074082
0.033941
0.073691
0.095043
0.10994
0.18157
0.09831
0.13328
0.16937
0.12176
0.11546
0.20331
0.31462
0.17913
0.045441
0.040235
0.178
0.090147
0.13415
0.16822
0.1654
0.1262
0.18436
0.18206
0.27452
0.023281
0.023781
0.080185
0.3413
0.56191
0.18481
0.062922
0.04345
0.027806
0.11092
0.14095
0.10133
0.096086
0.16919
0.26183
0.14907
0.037816
0.033483
0.10458
0.11956
0.090042
0.055999
0.03183
0.066796
0.12571
0.11303
0.058587
0.022177
0.022652
0.076381
0.32511
0.53525
0.17604
0.059937
0.041388
0.026487
0.026616
0.028201
0.072263
0.21974
0.55759
0.16837
0.07292
0.04238
0.01386
0.099616
0.11389
0.08577
0.053342
0.03032
0.063627
0.11974
0.10766
0.055808
0.0287
0.07554
0.11816
0.14808
0.15597
0.1244
0.041591
0.097345
0.043223
0.028171
0.029849
0.076485
0.23258
0.59016
0.17821
0.07718
0.044855
0.01467
0.044358
0.10041
0.2227
0.22575
0.44396
0.25748
0.11481
0.025235
0.068304
0.030377
0.079953
0.12507
0.15673
0.16508
0.13167
0.04402
0.10303
0.045748
0.039703
0.03712
0.087242
0.070814
0.12488
0.11636
0.052329
0.032644
0.01941
0.054907
0.12429
0.27567
0.27944
0.54955
0.31872
0.14212
0.031237
0.084547
0.084319
0.03639
0.035282
0.10381
0.26061
0.25287
0.26441
0.20268
0.047376
0.049145
0.045948
0.10799
0.087654
0.15458
0.14403
0.064774
0.040407
0.024026
0.11293
0.079452
0.048238
0.046535
0.05868
0.070506
0.083897
0.11221
0.059068
0.10339
0.044621
0.043262
0.12729
0.31955
0.31006
0.32421
0.24852
0.058092
0.097201
0.097371
0.071794
0.22711
0.29765
0.16186
0.27119
0.12355
0.061112
0.13847
0.097422
0.059148
0.057059
0.071952
0.086452
0.10287
0.13758
0.072428
0.25178
0.22537
0.099457
0.053835
0.11307
0.065248
0.081446
0.20229
0.2082